0 0.3234375 0.50546875 0.0265625 0.14609375
0 0.36015625 0.42421875 0.02109375 0.0796875
0 0.42890625 0.45078125 0.0375 0.0953125
0 0.4421875 0.4109375 0.02421875 0.05859375
0 0.4078125 0.38046875 0.01640625 0.06796875
0 0.47578125 0.4296875 0.015625 0.0734375
0 0.4609375 0.3984375 0.02265625 0.06015625
0 0.45625 0.3625 0.0203125 0.0390625
0 0.4453125 0.32109375 0.03984375 0.08203125
0 0.4875 0.3015625 0.0171875 0.0453125
0 0.4859375 0.3796875 0.0203125 0.109375
0 0.4828125 0.3359375 0.0203125 0.04765625
0 0.528125 0.3046875 0.00859375 0.03515625
0 0.49140625 0.3640625 0.0140625 0.04140625
0 0.50703125 0.38828125 0.021875 0.075
0 0.51328125 0.390625 0.0140625 0.0640625
0 0.5125 0.475 0.03203125 0.15
0 0.51328125 0.42109375 0.02109375 0.06640625
0 0.55 0.42265625 0.01328125 0.0890625
0 0.53984375 0.39765625 0.01015625 0.03984375
0 0.5890625 0.440625 0.04765625 0.15390625
0 0.646875 0.41484375 0.046875 0.15859375
0 0.54765625 0.36796875 0.03203125 0.05859375
0 0.56640625 0.33359375 0.01640625 0.07109375
0 0.5765625 0.3328125 0.021875 0.04453125
0 0.56875 0.290625 0.009375 0.040625
0 0.6046875 0.31328125 0.0203125 0.0640625
0 0.95859375 0.37734375 0.025 0.12265625
0 0.98671875 0.33515625 0.02265625 0.14453125