0 0.21328125 0.51484375 0.02265625 0.0375
0 0.23828125 0.50546875 0.02578125 0.05234375
0 0.26328125 0.5265625 0.02421875 0.06015625
0 0.2859375 0.53515625 0.0234375 0.03984375
0 0.25546875 0.48515625 0.0203125 0.0234375
0 0.2734375 0.496875 0.01328125 0.0328125
0 0.29609375 0.475 0.02734375 0.028125
0 0.30546875 0.5125 0.0265625 0.04765625
0 0.346875 0.5296875 0.01796875 0.0375
0 0.34921875 0.50078125 0.0234375 0.025
0 0.3296875 0.465625 0.01171875 0.03671875
0 0.35078125 0.47265625 0.02265625 0.03671875
0 0.36484375 0.49609375 0.01640625 0.040625
0 0.38671875 0.5140625 0.02109375 0.04140625
0 0.37421875 0.4703125 0.028125 0.0375
0 0.37890625 0.45078125 0.0234375 0.0234375