0 0.4609375 0.76796875 0.05078125 0.05234375
0 0.45703125 0.57109375 0.025 0.03359375
0 0.7140625 0.53828125 0.03125 0.021875
0 0.69296875 0.5171875 0.03125 0.01953125
0 0.45078125 0.496875 0.02421875 0.0234375
0 0.61171875 0.3171875 0.0171875 0.03828125
0 0.57890625 0.32421875 0.01796875 0.05859375
0 0.55 0.32890625 0.01328125 0.03125
0 0.5296875 0.2703125 0.0234375 0.0296875
0 0.5625 0.271875 0.0109375 0.03125
0 0.5125 0.3046875 0.00859375 0.02421875
0 0.5015625 0.27421875 0.0078125 0.015625
0 0.4859375 0.31640625 0.0125 0.03125
0 0.5265625 0.3109375 0.01875 0.0375
0 0.55078125 0.2734375 0.0109375 0.0234375
0 0.56875 0.28046875 0.0125 0.0171875
0 0.58828125 0.2859375 0.01640625 0.01796875
0 0.59609375 0.309375 0.01328125 0.0265625
0 0.5421875 0.3203125 0.01171875 0.0328125
0 0.58515625 0.278125 0.01328125 0.01328125
0 0.55078125 0.29921875 0.0078125 0.015625