0 0.3765625 0.5390625 0.040625 0.071875
0 0.6 0.5125 0.02578125 0.02734375
0 0.8484375 0.5234375 0.01953125 0.034375
0 0.840625 0.4328125 0.028125 0.0265625
0 0.82578125 0.40703125 0.01171875 0.01953125
0 0.975 0.44765625 0.01875 0.03046875
0 0.95234375 0.3953125 0.02578125 0.01875
0 0.6828125 0.38359375 0.0265625 0.0171875
0 0.66328125 0.3859375 0.01171875 0.0234375
0 0.74296875 0.33203125 0.01484375 0.015625
0 0.75625 0.32578125 0.02109375 0.0140625
0 0.62890625 0.35 0.02578125 0.0140625
0 0.63125 0.3140625 0.01328125 0.0140625
0 0.575 0.3234375 0.0109375 0.03359375
0 0.77578125 0.21875 0.01484375 0.03671875
0 0.7890625 0.1921875 0.0109375 0.03515625