0 0.76640625 0.58671875 0.03828125 0.071875
0 0.81015625 0.57578125 0.0265625 0.1328125
0 0.83203125 0.596875 0.01640625 0.10390625
0 0.84609375 0.5640625 0.03359375 0.11484375
0 0.45703125 0.69140625 0.0515625 0.16640625
0 0.3546875 0.7 0.02109375 0.17734375
0 0.3171875 0.59296875 0.0140625 0.06640625
0 0.29609375 0.74453125 0.0375 0.121875
0 0.2765625 0.7171875 0.01796875 0.15390625
0 0.28125 0.575 0.02109375 0.05078125
0 0.27578125 0.61484375 0.01484375 0.08359375
0 0.26328125 0.7265625 0.015625 0.1265625
0 0.25859375 0.6328125 0.0203125 0.08984375
0 0.24609375 0.7046875 0.01484375 0.08125
0 0.2359375 0.58515625 0.01015625 0.03828125
0 0.22578125 0.6875 0.03046875 0.0703125
0 0.2109375 0.759375 0.01953125 0.184375
0 0.21328125 0.70859375 0.02890625 0.05625
0 0.17890625 0.721875 0.01484375 0.07421875
0 0.190625 0.67734375 0.01796875 0.11875
0 0.2 0.65625 0.015625 0.0453125
0 0.1890625 0.64453125 0.01953125 0.0390625
0 0.1578125 0.68203125 0.03046875 0.07265625
0 0.140625 0.6 0.03046875 0.078125
0 0.15 0.6453125 0.025 0.04375
0 0.1828125 0.609375 0.02421875 0.03984375
0 0.18828125 0.58984375 0.0203125 0.021875
0 0.0921875 0.678125 0.0234375 0.06796875
0 0.1 0.65390625 0.03125 0.04140625
0 0.025 0.74296875 0.0296875 0.06328125