0 0.76953125 0.2328125 0.05546875 0.17734375
0 0.60625 0.30703125 0.03671875 0.12578125
0 0.56328125 0.2828125 0.0234375 0.17734375
0 0.50859375 0.3 0.0171875 0.171875
0 0.434375 0.35546875 0.03984375 0.16015625
0 0.46328125 0.3375 0.03203125 0.08125
0 0.44609375 0.29296875 0.0375 0.0828125
0 0.2359375 0.41328125 0.03125 0.1640625
0 0.246875 0.34375 0.01875 0.0875
0 0.315625 0.1390625 0.01484375 0.0125
0 0.290625 0.2765625 0.01484375 0.06640625
0 0.31796875 0.265625 0.01796875 0.0578125
0 0.33125 0.21796875 0.01796875 0.05234375
0 0.38984375 0.3109375 0.01328125 0.059375
0 0.36796875 0.290625 0.03203125 0.06875
0 0.36328125 0.26796875 0.02109375 0.03359375
0 0.41640625 0.1765625 0.009375 0.03984375
0 0.4328125 0.2578125 0.03046875 0.07734375
0 0.45234375 0.228125 0.01640625 0.05234375
0 0.384375 0.25078125 0.02109375 0.0453125
0 0.37265625 0.2140625 0.01796875 0.04609375
0 0.378125 0.17734375 0.0234375 0.04453125
0 0.46484375 0.2078125 0.01875 0.0875
0 0.49765625 0.1828125 0.021875 0.06328125
0 0.5109375 0.17578125 0.009375 0.04375
0 0.3484375 0.24609375 0.021875 0.04296875
0 0.28203125 0.15703125 0.015625 0.0109375