0 0.02734375 0.7578125 0.05078125 0.12265625
0 0.03984375 0.703125 0.046875 0.05703125
0 0.121875 0.6234375 0.0203125 0.05234375
0 0.09296875 0.61953125 0.021875 0.06484375
0 0.128125 0.65234375 0.03203125 0.06171875
0 0.13515625 0.57265625 0.0203125 0.06328125
0 0.1546875 0.6109375 0.02578125 0.04375
0 0.16015625 0.6546875 0.0359375 0.05859375
0 0.17421875 0.68203125 0.046875 0.1078125
0 0.20859375 0.67109375 0.01640625 0.065625
0 0.18671875 0.55546875 0.01640625 0.03671875
0 0.1859375 0.584375 0.025 0.028125
0 0.20078125 0.64375 0.015625 0.0578125
0 0.1859375 0.62109375 0.03046875 0.0484375
0 0.196875 0.6015625 0.0171875 0.0390625
0 0.228125 0.5578125 0.01015625 0.034375
0 0.2421875 0.74609375 0.0609375 0.16640625
0 0.2453125 0.6796875 0.0328125 0.06953125
0 0.25546875 0.65 0.03046875 0.09609375
0 0.27109375 0.58984375 0.0390625 0.1109375
0 0.27265625 0.55078125 0.02109375 0.03203125
0 0.31484375 0.571875 0.02421875 0.05625
0 0.325 0.56796875 0.0125 0.02734375
0 0.77734375 0.6125 0.0453125 0.04453125
0 0.3734375 0.7125 0.05390625 0.16796875
0 0.428125 0.68984375 0.04453125 0.15234375
0 0.53125 0.7046875 0.028125 0.128125
0 0.60703125 0.6609375 0.04609375 0.1625
0 0.81640625 0.59765625 0.03203125 0.07578125
0 0.83828125 0.60546875 0.025 0.09921875
0 0.8640625 0.60703125 0.028125 0.10546875
0 0.0390625 0.5125 0.01640625 0.01171875
0 0.07421875 0.50546875 0.01875 0.01015625