0 0.5609375 0.56796875 0.02109375 0.0234375
0 0.55078125 0.52421875 0.02265625 0.01875
0 0.4828125 0.5375 0.02265625 0.01953125
0 0.459375 0.51015625 0.01875 0.01484375
0 0.36875 0.609375 0.02109375 0.02265625
0 0.29453125 0.54609375 0.0109375 0.01953125
0 0.33984375 0.503125 0.0125 0.01484375
0 0.36484375 0.4953125 0.009375 0.01796875
0 0.5109375 0.48046875 0.02109375 0.01640625
0 0.50859375 0.465625 0.01796875 0.0109375
0 0.575 0.3671875 0.0234375 0.07734375
0 0.56875 0.40234375 0.009375 0.0265625
0 0.490625 0.37578125 0.0140625 0.046875
0 0.43359375 0.40390625 0.00859375 0.05390625
0 0.4671875 0.38359375 0.0140625 0.03203125
0 0.39609375 0.3125 0.0078125 0.0203125
0 0.35078125 0.37578125 0.01171875 0.0109375