0 0.11640625 0.8765625 0.0453125 0.04609375
0 0.4640625 0.78515625 0.0203125 0.03125
0 0.4671875 0.753125 0.02734375 0.01953125
0 0.396875 0.73828125 0.0265625 0.01953125
0 0.3421875 0.75390625 0.0265625 0.025
0 0.32421875 0.7046875 0.02421875 0.01328125
0 0.3734375 0.665625 0.0203125 0.015625
0 0.36484375 0.66015625 0.015625 0.0125
0 0.43203125 0.6484375 0.01796875 0.01328125
0 0.54453125 0.55078125 0.02890625 0.04453125
0 0.48984375 0.57421875 0.03046875 0.06640625
0 0.47578125 0.55546875 0.01484375 0.03515625
0 0.48671875 0.54609375 0.0109375 0.0375
0 0.4453125 0.546875 0.02109375 0.07265625
0 0.42578125 0.55625 0.01171875 0.06015625
0 0.39453125 0.59140625 0.01875 0.05
0 0.32265625 0.4890625 0.00859375 0.021875
0 0.35 0.58203125 0.0296875 0.0328125
0 0.38984375 0.5640625 0.0171875 0.03203125
0 0.3703125 0.57421875 0.0078125 0.0359375
0 0.34453125 0.5515625 0.01875 0.01796875
0 0.284375 0.58359375 0.0125 0.02734375
0 0.29453125 0.56171875 0.01328125 0.0203125
0 0.284375 0.55390625 0.0109375 0.02421875
0 0.315625 0.5640625 0.0109375 0.028125
0 0.40859375 0.56796875 0.01171875 0.03359375
0 0.325 0.5828125 0.01796875 0.02421875
0 0.271875 0.74609375 0.0234375 0.0203125
0 0.253125 0.6921875 0.01875 0.01875
0 0.54296875 0.740625 0.01328125 0.015625