0 0.4796875 0.6140625 0.03125 0.025
0 0.40234375 0.5546875 0.0390625 0.025
0 0.45 0.5328125 0.01640625 0.0234375
0 0.55625 0.55 0.03125 0.021875
0 0.54140625 0.5046875 0.01640625 0.02265625
0 0.37578125 0.4921875 0.03203125 0.0203125
0 0.2234375 0.4609375 0.021875 0.01328125
0 0.2421875 0.43828125 0.0109375 0.0140625
0 0.3046875 0.43125 0.0109375 0.01875
0 0.23828125 0.3515625 0.00625 0.01328125
0 0.2328125 0.3421875 0.00625 0.009375
0 0.3109375 0.265625 0.01015625 0.00625
0 0.36015625 0.4890625 0.02734375 0.0125
0 0.33515625 0.2671875 0.01171875 0.00546875
0 0.23515625 0.665625 0.02421875 0.0359375
0 0.29375 0.26796875 0.00859375 0.00546875