0 0.78359375 0.45703125 0.01640625 0.028125
0 0.78046875 0.40234375 0.0234375 0.02421875
0 0.70234375 0.41015625 0.025 0.01953125
0 0.73046875 0.3484375 0.0234375 0.01640625
0 0.75078125 0.33203125 0.02265625 0.0125
0 0.653125 0.378125 0.02265625 0.01328125
0 0.515625 0.4203125 0.0140625 0.021875
0 0.55 0.415625 0.02109375 0.02109375
0 0.56484375 0.365625 0.0109375 0.01875
0 0.58828125 0.3609375 0.01328125 0.01640625
0 0.70546875 0.240625 0.01796875 0.0328125
0 0.653125 0.23515625 0.0171875 0.02578125
0 0.734375 0.2328125 0.01875 0.053125
0 0.790625 0.2515625 0.0203125 0.0625
0 0.83046875 0.203125 0.03125 0.0546875
0 0.80703125 0.2328125 0.01328125 0.0296875