0 0.578125 0.88671875 0.1359375 0.0828125
0 0.0203125 0.42734375 0.040625 0.0328125
0 0.025 0.4515625 0.05 0.040625
0 0.03203125 0.72265625 0.0640625 0.05625
0 0.04453125 0.784375 0.0890625 0.09375
0 0.08125 0.43359375 0.0703125 0.034375
0 0.171875 0.621875 0.1484375 0.078125
0 0.1796875 0.50703125 0.06875 0.034375
0 0.2609375 0.48984375 0.09375 0.0578125
0 0.26484375 0.4546875 0.0859375 0.0328125
0 0.325 0.65390625 0.1625 0.08125
0 0.3140625 0.60234375 0.1328125 0.0609375
0 0.3640625 0.4875 0.084375 0.05
0 0.37421875 0.45625 0.0921875 0.0296875
0 0.690625 0.49140625 0.09375 0.0625
0 0.75703125 0.50234375 0.121875 0.0609375
0 0.7640625 0.5375 0.115625 0.0375
0 0.83125 0.45625 0.109375 0.0453125
0 0.875 0.621875 0.146875 0.078125
0 0.865625 0.496875 0.125 0.0703125
0 0.9328125 0.68046875 0.1296875 0.1015625
0 0.9796875 0.62890625 0.0359375 0.0390625
0 0.3609375 0.8109375 0.1234375 0.071875
0 0.3203125 0.865625 0.1171875 0.0796875
0 0.3890625 0.91484375 0.1171875 0.075
0 0.453125 0.85625 0.103125 0.0609375
0 0.48125 0.81015625 0.0921875 0.0484375
0 0.565625 0.83046875 0.090625 0.046875
0 0.509375 0.92109375 0.0859375 0.05
0 0.08125 0.2921875 0.0671875 0.03125
0 0.821875 0.38671875 0.0828125 0.0328125
0 0.88203125 0.365625 0.084375 0.0390625
0 0.790625 0.3609375 0.075 0.0375
0 0.72421875 0.34296875 0.084375 0.0453125
0 0.603125 0.37265625 0.0875 0.04375
0 0.6984375 0.38046875 0.0703125 0.0421875
0 0.7328125 0.38828125 0.078125 0.0359375
0 0.24296875 0.28203125 0.0671875 0.0328125
0 0.165625 0.2953125 0.084375 0.028125
0 0.0953125 0.271875 0.0703125 0.0265625
0 0.1703125 0.26796875 0.075 0.025