0 0.53515625 0.53125 0.3984375 0.55
0 0.815625 0.259375 0.190625 0.2296875
0 0.8171875 0.56328125 0.1453125 0.225
0 0.80234375 0.78828125 0.13125 0.1875
0 0.92265625 0.68359375 0.13125 0.1984375
0 0.95234375 0.3765625 0.0953125 0.1484375
0 0.94453125 0.53515625 0.1109375 0.153125
0 0.05234375 0.68125 0.09375 0.165625
0 0.13515625 0.4234375 0.1265625 0.153125
0 0.1265625 0.57265625 0.1140625 0.153125
0 0.23125 0.5265625 0.1203125 0.1609375
0 0.11640625 0.27109375 0.1203125 0.1359375
0 0.32890625 0.21796875 0.134375 0.153125
0 0.22421875 0.3578125 0.1125 0.165625