0 0.53828125 0.40390625 0.3296875 0.496875
0 0.8703125 0.37734375 0.2578125 0.5546875
0 0.90234375 0.828125 0.1953125 0.34375
0 0.740625 0.94765625 0.1296875 0.1046875
0 0.8375 0.69296875 0.1875 0.365625
0 0.6 0.7578125 0.340625 0.4765625
0 0.39375 0.82578125 0.384375 0.3484375
0 0.25546875 0.753125 0.296875 0.4265625
0 0.05546875 0.7421875 0.1109375 0.4625
0 0.190625 0.41875 0.346875 0.528125
0 0.065625 0.33125 0.13125 0.3796875
0 0.3640625 0.234375 0.3390625 0.46875
0 0.70390625 0.24921875 0.3046875 0.465625
0 0.93828125 0.0625 0.1234375 0.125