0 0.6421875 0.9484375 0.290625 0.103125
0 0.884375 0.92578125 0.23125 0.1484375
0 0.71640625 0.74140625 0.290625 0.1765625
0 0.52890625 0.67734375 0.2453125 0.153125
0 0.8828125 0.596875 0.2328125 0.1015625
0 0.21484375 0.82890625 0.228125 0.134375
0 0.103125 0.92265625 0.20625 0.140625
0 0.2203125 0.60859375 0.2046875 0.1015625
0 0.54375 0.54375 0.2109375 0.1046875
0 0.75234375 0.4671875 0.20625 0.0921875
0 0.18359375 0.478125 0.1734375 0.1125
0 0.4015625 0.41640625 0.1625 0.075
0 0.3 0.76328125 0.2 0.10625
0 0.1 0.66484375 0.2 0.1359375
0 0.296875 0.6734375 0.1984375 0.1015625
0 0.71953125 0.396875 0.196875 0.075
0 0.4109375 0.48125 0.121875 0.0640625
0 0.7015625 0.55078125 0.1984375 0.078125
0 0.66171875 0.27578125 0.1265625 0.0609375