0 0.57109375 0.06640625 0.15 0.1328125
0 0.84609375 0.05 0.1515625 0.1
0 0.14765625 0.1890625 0.1703125 0.221875
0 0.1078125 0.3890625 0.1765625 0.23125
0 0.10859375 0.61171875 0.140625 0.2078125
0 0.0484375 0.7390625 0.078125 0.2328125
0 0.128125 0.85078125 0.121875 0.2109375
0 0.27734375 0.3109375 0.1375 0.2
0 0.3078125 0.13125 0.10625 0.1609375
0 0.27734375 0.559375 0.1796875 0.2734375
0 0.30859375 0.821875 0.1796875 0.23125
0 0.4546875 0.66015625 0.1953125 0.3015625
0 0.5125 0.2734375 0.1421875 0.2015625
0 0.39453125 0.31796875 0.0921875 0.1546875
0 0.66328125 0.30078125 0.16875 0.2609375
0 0.90703125 0.18984375 0.1625 0.2703125
0 0.79375 0.3046875 0.1171875 0.21875
0 0.60390625 0.68046875 0.128125 0.25
0 0.76875 0.60625 0.1640625 0.2578125
0 0.7203125 0.83671875 0.1359375 0.225
0 0.88828125 0.8375 0.1953125 0.28125
0 0.60078125 0.48125 0.1265625 0.178125
0 0.37890625 0.9515625 0.1390625 0.065625