0 0.31640625 0.84375 0.240625 0.15625
0 0.64375 0.759375 0.221875 0.1359375
0 0.81015625 0.67109375 0.175 0.109375
0 0.93828125 0.72421875 0.1234375 0.13125
0 0.85390625 0.93828125 0.2921875 0.1234375
0 0.51796875 0.93828125 0.30625 0.1234375
0 0.328125 0.94453125 0.203125 0.1109375
0 0.64765625 0.66875 0.1453125 0.0625
0 0.828125 0.78359375 0.1640625 0.11875
0 0.51796875 0.7390625 0.1390625 0.1171875
0 0.64765625 0.8890625 0.2546875 0.146875
0 0.87109375 0.86171875 0.175 0.0578125
0 0.4171875 0.79765625 0.1390625 0.1015625