0 0.59296875 0.4203125 0.0546875 0.078125
0 0.6 0.50859375 0.040625 0.053125
0 0.63046875 0.54453125 0.05625 0.06875
0 0.65078125 0.47265625 0.0640625 0.06875
0 0.64609375 0.39609375 0.0515625 0.034375
0 0.65078125 0.43125 0.059375 0.05625
0 0.67734375 0.5484375 0.04375 0.0421875
0 0.6984375 0.459375 0.0484375 0.0796875
0 0.7171875 0.57421875 0.034375 0.04375
0 0.74296875 0.50546875 0.0578125 0.075
0 0.75625 0.6078125 0.0640625 0.053125
0 0.7875 0.5390625 0.0625 0.0734375
0 0.78671875 0.4734375 0.046875 0.0515625
0 0.803125 0.603125 0.034375 0.040625
0 0.83671875 0.46953125 0.0703125 0.059375
0 0.83046875 0.5140625 0.0453125 0.0734375
0 0.83984375 0.5796875 0.04375 0.0359375