0 0.85546875 0.790625 0.1546875 0.1671875
0 0.8484375 0.92890625 0.1375 0.140625
0 0.9484375 0.91640625 0.1015625 0.165625
0 0.9546875 0.7875 0.090625 0.15
0 0.05234375 0.40078125 0.1 0.190625
0 0.1609375 0.3921875 0.1453125 0.190625
0 0.30859375 0.37890625 0.140625 0.209375
0 0.4375 0.41015625 0.134375 0.2015625
0 0.39375 0.5484375 0.14375 0.2140625
0 0.13046875 0.55625 0.13125 0.1984375
0 0.03671875 0.58359375 0.0703125 0.1984375
0 0.1 0.73046875 0.1171875 0.165625
0 0.22890625 0.69375 0.1328125 0.1453125
0 0.34453125 0.6828125 0.109375 0.1296875
0 0.2609375 0.54140625 0.13125 0.196875
0 0.23515625 0.84140625 0.1453125 0.190625
0 0.2171875 0.959375 0.1484375 0.08125
0 0.38359375 0.79609375 0.1484375 0.1921875
0 0.3640625 0.93828125 0.15 0.1234375
0 0.5296875 0.7921875 0.140625 0.2
0 0.5046875 0.92421875 0.1484375 0.1515625
0 0.6421875 0.7734375 0.140625 0.1921875
0 0.6328125 0.9234375 0.1421875 0.1515625
0 0.58828125 0.5703125 0.13125 0.190625
0 0.62734375 0.39765625 0.1375 0.196875
0 0.7609375 0.3859375 0.121875 0.1953125
0 0.8796875 0.3640625 0.1328125 0.1859375
0 0.84765625 0.52265625 0.1203125 0.196875
0 0.71796875 0.534375 0.128125 0.175
0 0.8140625 0.66015625 0.109375 0.1265625
0 0.953125 0.52109375 0.09375 0.1796875