0 0.28515625 0.4640625 0.1421875 0.265625
0 0.0078125 0.0390625 0.015625 0.078125
0 0.00859375 0.32734375 0.0171875 0.1078125
0 0.01015625 0.446875 0.0203125 0.13125
0 0.0328125 0.171875 0.065625 0.21875
0 0.05 0.0359375 0.0625 0.071875
0 0.81875 0.5734375 0.1671875 0.3046875
0 0.15078125 0.33125 0.159375 0.265625
0 0.2703125 0.23828125 0.1359375 0.2140625
0 0.1453125 0.60390625 0.1640625 0.29375
0 0.440625 0.51484375 0.1875 0.34375
0 0.4734375 0.315625 0.1578125 0.2859375
0 0.62578125 0.38984375 0.146875 0.26875
0 0.71015625 0.77890625 0.1546875 0.2421875
0 0.38046875 0.31796875 0.0796875 0.178125
0 0.5546875 0.2484375 0.103125 0.15625
0 0.6796875 0.3203125 0.1125 0.184375
0 0.69921875 0.51796875 0.1265625 0.2734375
0 0.57109375 0.66484375 0.159375 0.2984375
0 0.4375 0.79140625 0.1609375 0.2625
0 0.70546875 0.93359375 0.1484375 0.1328125
0 0.53203125 0.92109375 0.1765625 0.1578125
0 0.365625 0.9296875 0.14375 0.140625
0 0.26875 0.75546875 0.153125 0.2515625
0 0.20078125 0.8765625 0.1859375 0.246875
0 0.0734375 0.9515625 0.065625 0.096875
0 0.12265625 0.82109375 0.078125 0.15625
0 0.8015625 0.95625 0.059375 0.0875