0 0.2015625 0.3234375 0.10625 0.05
0 0.58671875 0.33671875 0.09375 0.0546875
0 0.575 0.28515625 0.0828125 0.0578125
0 0.178125 0.2 0.0796875 0.04375
0 0.16015625 0.2859375 0.08125 0.0453125
0 0.45078125 0.3171875 0.09375 0.04375
0 0.29296875 0.31953125 0.096875 0.0546875
0 0.3484375 0.2890625 0.0984375 0.05625
0 0.0328125 0.3265625 0.065625 0.04375
0 0.49765625 0.27890625 0.071875 0.0328125
0 0.61796875 0.25 0.075 0.040625
0 0.4375 0.1234375 0.0640625 0.028125
0 0.20703125 0.11328125 0.06875 0.0234375
0 0.37265625 0.1046875 0.071875 0.0375
0 0.29921875 0.2484375 0.0875 0.0390625
0 0.4 0.2515625 0.08125 0.034375
0 0.434375 0.35546875 0.1078125 0.0375
0 0.6671875 0.25 0.053125 0.034375
0 0.690625 0.2125 0.059375 0.0328125
0 0.778125 0.22734375 0.05625 0.021875
0 0.38359375 0.20546875 0.0546875 0.0234375
0 0.50078125 0.35390625 0.0734375 0.04375
0 0.21484375 0.26328125 0.090625 0.0328125
0 0.25 0.28984375 0.0921875 0.03125
0 0.5953125 0.21328125 0.0703125 0.0265625
0 0.7046875 0.24609375 0.0515625 0.03125
0 0.746875 0.21171875 0.0453125 0.025
0 0.63359375 0.31171875 0.0984375 0.046875
0 0.14296875 0.32265625 0.06875 0.0390625
0 0.03046875 0.2609375 0.0609375 0.0421875
0 0.134375 0.2515625 0.0703125 0.028125