0 0.85546875 0.16875 0.209375 0.246875
0 0.84296875 0.89296875 0.2390625 0.2140625
0 0.51015625 0.56171875 0.215625 0.315625
0 0.790625 0.6578125 0.2453125 0.390625
0 0.3453125 0.7359375 0.24375 0.325
0 0.29296875 0.14140625 0.18125 0.271875
0 0.21640625 0.375 0.21875 0.278125
0 0.303125 0.49921875 0.2265625 0.2515625
0 0.19296875 0.778125 0.16875 0.309375
0 0.0765625 0.57734375 0.153125 0.3046875
0 0.0453125 0.34765625 0.0890625 0.1875
0 0.03671875 0.1296875 0.0734375 0.2484375
0 0.1359375 0.16796875 0.1375 0.234375
0 0.071875 0.84453125 0.140625 0.3109375
0 0.3890625 0.92421875 0.228125 0.1515625
0 0.59921875 0.9578125 0.2296875 0.084375
0 0.59609375 0.8140625 0.2203125 0.2734375
0 0.94921875 0.76015625 0.1015625 0.2328125
0 0.96875 0.92890625 0.0625 0.1421875
0 0.69609375 0.48203125 0.1921875 0.30625
0 0.8796875 0.4265625 0.2203125 0.3296875
0 0.63125 0.2859375 0.2359375 0.275
0 0.509375 0.1859375 0.1515625 0.25625
0 0.415625 0.271875 0.1640625 0.246875
0 0.74453125 0.103125 0.1734375 0.20625
0 0.61796875 0.065625 0.1484375 0.13125
0 0.45390625 0.071875 0.1453125 0.14375
0 0.9796875 0.1296875 0.040625 0.2484375