0 0.74765625 0.83984375 0.2328125 0.31875
0 0.4859375 0.5828125 0.396875 0.590625
0 0.17109375 0.59453125 0.2171875 0.3171875
0 0.24375 0.85390625 0.2265625 0.2921875
0 0.44140625 0.9453125 0.1890625 0.109375
0 0.06875 0.909375 0.13125 0.18125
0 0.05390625 0.4046875 0.10625 0.3296875
0 0.07890625 0.12265625 0.1546875 0.2453125
0 0.29609375 0.2546875 0.2078125 0.31875
0 0.0375 0.70390625 0.075 0.2359375
0 0.50703125 0.19140625 0.2109375 0.2625
0 0.7234375 0.2703125 0.2125 0.3234375
0 0.81171875 0.55625 0.1953125 0.29375
0 0.934375 0.86171875 0.13125 0.2625
0 0.91796875 0.26953125 0.1640625 0.3484375
0 0.9671875 0.55390625 0.065625 0.2828125
0 0.78984375 0.06328125 0.2171875 0.1265625