0 0.234375 0.084375 0.15 0.16875
0 0.015625 0.02109375 0.03125 0.0421875
0 0.14140625 0.0890625 0.084375 0.1578125
0 0.16796875 0.271875 0.121875 0.1359375
0 0.2375 0.19609375 0.1 0.0609375
0 0.34296875 0.3578125 0.0859375 0.1296875
0 0.43828125 0.365625 0.109375 0.1375
0 0.4421875 0.96796875 0.084375 0.0625
0 0.49609375 0.1734375 0.0953125 0.1125
0 0.53359375 0.20390625 0.059375 0.0921875
0 0.61640625 0.934375 0.046875 0.08125
0 0.7515625 0.11171875 0.1125 0.15
0 0.95625 0.03046875 0.0859375 0.0609375
0 0.9765625 0.31015625 0.0453125 0.1453125
0 0.659375 0.6421875 0.0890625 0.1296875
0 0.759375 0.671875 0.1140625 0.1578125
0 0.8671875 0.4484375 0.1078125 0.1453125
0 0.9546875 0.540625 0.090625 0.1640625
0 0.821875 0.6046875 0.125 0.15625
0 0.78203125 0.778125 0.10625 0.1359375
0 0.8421875 0.709375 0.075 0.1265625
0 0.665625 0.74921875 0.0578125 0.0671875