0 0.86015625 0.65859375 0.0875 0.1140625
0 0.00859375 0.3734375 0.0171875 0.0640625
0 0.025 0.27421875 0.05 0.0421875
0 0.0390625 0.41015625 0.078125 0.1015625
0 0.02734375 0.30234375 0.053125 0.0296875
0 0.08359375 0.275 0.075 0.084375
0 0.121875 0.9828125 0.0796875 0.0296875
0 0.1796875 0.9265625 0.1171875 0.1203125
0 0.1640625 0.38828125 0.0609375 0.075
0 0.22421875 0.95703125 0.121875 0.0828125
0 0.22578125 0.3171875 0.078125 0.090625
0 0.23515625 0.38203125 0.0796875 0.103125
0 0.2953125 0.3828125 0.0625 0.0796875
0 0.3203125 0.96171875 0.1046875 0.0734375
0 0.30625 0.484375 0.0625 0.1234375
0 0.2859375 0.1828125 0.01875 0.028125
0 0.29765625 0.19921875 0.0171875 0.0296875
0 0.36328125 0.50546875 0.0984375 0.121875
0 0.36796875 0.35625 0.0671875 0.0671875
0 0.384375 0.421875 0.09375 0.1171875
0 0.37421875 0.20234375 0.01875 0.034375
0 0.3875 0.22734375 0.0171875 0.0296875
0 0.4484375 0.50859375 0.0875 0.1015625
0 0.46015625 0.43515625 0.078125 0.1015625
0 0.4484375 0.3265625 0.0421875 0.078125
0 0.53984375 0.84453125 0.1 0.1171875
0 0.5546875 0.4421875 0.0796875 0.1265625
0 0.57109375 0.9875 0.0703125 0.0203125
0 0.56875 0.48671875 0.0421875 0.065625
0 0.62421875 0.45859375 0.0890625 0.121875
0 0.6328125 0.9265625 0.0984375 0.14375
0 0.69609375 0.93828125 0.121875 0.1203125
0 0.6828125 0.48984375 0.0578125 0.0859375
0 0.70078125 0.428125 0.0828125 0.1125
0 0.9015625 0.86171875 0.1140625 0.134375
0 0.959375 0.95859375 0.0796875 0.0796875
0 0.9734375 0.88203125 0.0515625 0.128125
0 0.79765625 0.71328125 0.0953125 0.125
0 0.715625 0.621875 0.059375 0.0703125
0 0.72890625 0.6921875 0.05625 0.0859375
0 0.7796875 0.6046875 0.078125 0.121875
0 0.53359375 0.70078125 0.09375 0.096875
0 0.62421875 0.7921875 0.08125 0.1296875
0 0.45703125 0.77421875 0.078125 0.1203125
0 0.4640625 0.84765625 0.0640625 0.0890625
0 0.60625 0.859375 0.04375 0.0703125
0 0.065625 0.7546875 0.0875 0.134375
0 0.13515625 0.78359375 0.0890625 0.0890625
0 0.25625 0.74375 0.078125 0.1109375
0 0.20625 0.8109375 0.059375 0.0890625
0 0.2140625 0.690625 0.059375 0.0828125
0 0.1640625 0.7234375 0.0859375 0.0984375
0 0.11484375 0.68984375 0.071875 0.0921875
0 0.0828125 0.553125 0.084375 0.090625
0 0.16484375 0.50625 0.0703125 0.1125
0 0.14140625 0.56484375 0.0640625 0.10625
0 0.0859375 0.490625 0.0828125 0.08125
0 0.02265625 0.534375 0.0421875 0.1140625
0 0.0796875 0.46171875 0.0703125 0.065625