0 0.24296875 0.6796875 0.2390625 0.3078125
0 0.19453125 0.1625 0.2125 0.2859375
0 0.07421875 0.41328125 0.1484375 0.2125
0 0.190625 0.46640625 0.146875 0.2078125
0 0.3046875 0.40078125 0.215625 0.26875
0 0.15390625 0.30390625 0.14375 0.153125
0 0.38828125 0.1453125 0.1875 0.2421875
0 0.45234375 0.2671875 0.215625 0.2765625
0 0.540625 0.13984375 0.13125 0.175
0 0.45625 0.54140625 0.184375 0.2671875
0 0.603125 0.47421875 0.2234375 0.2875
0 0.6265625 0.6953125 0.21875 0.228125
0 0.8453125 0.67578125 0.2046875 0.2515625
0 0.85390625 0.434375 0.2453125 0.284375
0 0.7125 0.22265625 0.24375 0.275
0 0.58125 0.278125 0.0703125 0.11875
0 0.83515625 0.19921875 0.0828125 0.2046875