0 0.2328125 0.8671875 0.1625 0.265625
0 0.175 0.61796875 0.165625 0.2296875
0 0.33125 0.63046875 0.1515625 0.2546875
0 0.3875 0.84296875 0.1453125 0.234375
0 0.4875 0.9203125 0.16875 0.159375
0 0.6703125 0.9015625 0.18125 0.196875
0 0.66875 0.68515625 0.16875 0.259375
0 0.47265625 0.61953125 0.1609375 0.26875
0 0.0546875 0.6171875 0.109375 0.2375
0 0.0671875 0.3921875 0.134375 0.2109375
0 0.21328125 0.4140625 0.159375 0.2109375
0 0.4546875 0.39453125 0.15625 0.2015625
0 0.6046875 0.45234375 0.146875 0.25
0 0.884375 0.6375 0.1765625 0.234375
0 0.48125 0.16328125 0.1375 0.2359375
0 0.85703125 0.13359375 0.15 0.2125
0 0.9625 0.81640625 0.075 0.2671875
0 0.215625 0.21328125 0.146875 0.196875
0 0.36875 0.0625 0.15 0.125
0 0.67734375 0.10546875 0.15625 0.2078125
0 0.7484375 0.24375 0.140625 0.2265625
0 0.79375 0.44453125 0.165625 0.2078125