0 0.6015625 0.79765625 0.15625 0.2015625
0 0.78125 0.55390625 0.1609375 0.2
0 0.240625 0.43828125 0.153125 0.190625
0 0.284375 0.6421875 0.128125 0.1796875
0 0.41640625 0.6484375 0.1375 0.2
0 0.4625 0.765625 0.140625 0.2109375
0 0.69140625 0.64453125 0.146875 0.2015625
0 0.7078125 0.446875 0.125 0.16875
0 0.68515625 0.28828125 0.121875 0.1625
0 0.603125 0.3515625 0.1421875 0.1859375
0 0.4859375 0.2390625 0.1640625 0.21875
0 0.58046875 0.21015625 0.090625 0.1046875
0 0.32734375 0.2953125 0.1484375 0.18125
0 0.38828125 0.45625 0.125 0.1875
0 0.49296875 0.60078125 0.096875 0.11875
0 0.58515625 0.534375 0.140625 0.1796875