0 0.57421875 0.45703125 0.153125 0.228125
0 0.2578125 0.85234375 0.30625 0.29375
0 0.5671875 0.89765625 0.3421875 0.203125
0 0.10625 0.40078125 0.1234375 0.14375
0 0.6484375 0.75625 0.1609375 0.1921875
0 0.50859375 0.6640625 0.171875 0.2390625
0 0.72265625 0.634375 0.1578125 0.171875
0 0.39296875 0.49921875 0.1125 0.1609375
0 0.4484375 0.546875 0.1140625 0.1890625
0 0.76640625 0.5265625 0.121875 0.1515625
0 0.85390625 0.4390625 0.15 0.2
0 0.96875 0.4546875 0.0625 0.16875
0 0.7 0.39921875 0.1375 0.1859375
0 0.1234375 0.271875 0.0703125 0.084375
0 0.509375 0.346875 0.0890625 0.1109375
0 0.290625 0.29453125 0.0859375 0.1203125
0 0.4890625 0.30546875 0.0875 0.0984375
0 0.621875 0.55859375 0.0984375 0.159375