0 0.25 0.70859375 0.19375 0.2796875
0 0.228125 0.4953125 0.14375 0.1953125
0 0.53984375 0.2171875 0.1296875 0.1890625
0 0.66875 0.246875 0.1109375 0.16875
0 0.7140625 0.646875 0.15625 0.1640625
0 0.64140625 0.45390625 0.1328125 0.2
0 0.75078125 0.446875 0.1375 0.2046875
0 0.346875 0.32734375 0.1109375 0.1546875
0 0.46015625 0.346875 0.1109375 0.15625
0 0.184375 0.28515625 0.1125 0.153125
0 0.134375 0.4234375 0.1015625 0.1375
0 0.1125 0.696875 0.134375 0.2140625
0 0.41875 0.67578125 0.1375 0.2265625
0 0.5046875 0.4875 0.140625 0.196875
0 0.37109375 0.4640625 0.15 0.1671875
0 0.37578125 0.53359375 0.11875 0.153125
0 0.59453125 0.36796875 0.1375 0.1828125
0 0.840625 0.57734375 0.1265625 0.165625
0 0.6046875 0.6046875 0.1625 0.2109375
0 0.11171875 0.559375 0.1421875 0.14375