0 0.3609375 0.67265625 0.175 0.1203125
0 0.04609375 0.565625 0.0921875 0.1046875
0 0.05859375 0.81484375 0.1171875 0.1671875
0 0.13984375 0.75625 0.20625 0.1421875
0 0.1078125 0.55234375 0.08125 0.0625
0 0.18203125 0.51640625 0.1296875 0.06875
0 0.16171875 0.3 0.059375 0.03125
0 0.21640625 0.2921875 0.059375 0.01875
0 0.2859375 0.4890625 0.1171875 0.0765625
0 0.39296875 0.975 0.2125 0.0484375
0 0.37734375 0.265625 0.0671875 0.0265625
0 0.48828125 0.6265625 0.1546875 0.1015625
0 0.55859375 0.9234375 0.24375 0.1515625
0 0.56328125 0.41796875 0.109375 0.0734375
0 0.69140625 0.85234375 0.209375 0.1515625
0 0.66171875 0.3875 0.09375 0.053125
0 0.72578125 0.365625 0.0921875 0.0484375
0 0.771875 0.790625 0.1828125 0.1140625
0 0.77734375 0.290625 0.0734375 0.0203125
0 0.834375 0.740625 0.165625 0.1140625
0 0.89140625 0.3015625 0.078125 0.028125
0 0.95078125 0.6421875 0.096875 0.1046875
0 0.69296875 0.53515625 0.1296875 0.075
0 0.75859375 0.5109375 0.1015625 0.075
0 0.8109375 0.48671875 0.1015625 0.0703125
0 0.9015625 0.45234375 0.1015625 0.059375
0 0.94609375 0.4328125 0.0765625 0.0484375
0 0.96640625 0.41640625 0.0671875 0.046875
0 0.1109375 0.4265625 0.125 0.0703125
0 0.2 0.41328125 0.0875 0.0625
0 0.284375 0.39296875 0.109375 0.065625
0 0.43203125 0.36484375 0.084375 0.05625
0 0.5078125 0.34609375 0.0671875 0.0453125
0 0.353125 0.38359375 0.05625 0.046875
0 0.15703125 0.3421875 0.078125 0.0359375
0 0.06640625 0.35625 0.0734375 0.040625
0 0.35703125 0.3078125 0.065625 0.0375
0 0.4234375 0.296875 0.059375 0.03125
0 0.28203125 0.31875 0.0625 0.04375
0 0.01875 0.3640625 0.0375 0.034375
0 0.0234375 0.46015625 0.0390625 0.05625