0 0.22265625 0.7640625 0.103125 0.0984375
0 0.4890625 0.85546875 0.0453125 0.0390625
0 0.51328125 0.8265625 0.0421875 0.0453125
0 0.58125 0.76875 0.0515625 0.053125
0 0.60390625 0.72890625 0.0375 0.034375
0 0.64296875 0.71640625 0.040625 0.0421875
0 0.45 0.93515625 0.0609375 0.071875
0 0.41171875 0.9671875 0.0671875 0.0640625
0 0.73046875 0.6734375 0.0375 0.0421875
0 0.178125 0.53046875 0.0765625 0.06875
0 0.3265625 0.6296875 0.0703125 0.065625
0 0.33828125 0.68671875 0.0828125 0.06875
0 0.4 0.671875 0.0703125 0.071875
0 0.246875 0.6921875 0.075 0.053125
0 0.18515625 0.71796875 0.0765625 0.0703125
0 0.278125 0.753125 0.065625 0.075
0 0.2828125 0.5046875 0.0703125 0.0578125
0 0.49375 0.60546875 0.0640625 0.0640625
0 0.14921875 0.27265625 0.0609375 0.065625
0 0.14609375 0.32578125 0.0625 0.0484375
0 0.02578125 0.3296875 0.0515625 0.065625
0 0.07265625 0.33125 0.0484375 0.0515625
0 0.1734375 0.4671875 0.065625 0.0625
0 0.28984375 0.271875 0.0484375 0.05
0 0.21171875 0.2765625 0.053125 0.0421875
0 0.096875 0.28359375 0.0578125 0.0625
0 0.1953125 0.3203125 0.05 0.0515625
0 0.23203125 0.31640625 0.0359375 0.0484375
0 0.26015625 0.31328125 0.0328125 0.0484375
0 0.29453125 0.3078125 0.0421875 0.0375
0 0.26328125 0.4578125 0.0625 0.05625
0 0.34921875 0.43203125 0.05625 0.0578125
0 0.43671875 0.44609375 0.0421875 0.0546875
0 0.50703125 0.5671875 0.0484375 0.0546875
0 0.3546875 0.48125 0.0546875 0.05
0 0.396875 0.40546875 0.0484375 0.0484375
0 0.3 0.42890625 0.046875 0.0546875
0 0.225 0.44140625 0.0609375 0.0625
0 0.43984375 0.62109375 0.06875 0.0640625
0 0.39375 0.46640625 0.0375 0.0625
0 0.4578125 0.56484375 0.059375 0.0390625
0 0.571875 0.55859375 0.05625 0.0546875
0 0.03359375 0.5015625 0.05 0.06875
0 0.03125 0.56171875 0.0484375 0.0546875
0 0.025 0.27734375 0.05 0.046875
0 0.3609375 0.40703125 0.04375 0.046875
0 0.38046875 0.61640625 0.065625 0.046875
0 0.4125 0.59296875 0.0578125 0.04375
0 0.409375 0.91328125 0.046875 0.0375