0 0.66953125 0.71328125 0.0796875 0.10625
0 0.67890625 0.82109375 0.071875 0.103125
0 0.6671875 0.9421875 0.075 0.109375
0 0.7203125 0.88125 0.078125 0.1125
0 0.7828125 0.365625 0.078125 0.109375
0 0.79296875 0.2640625 0.071875 0.103125
0 0.86875 0.29609375 0.0734375 0.10625
0 0.9421875 0.3 0.0703125 0.109375
0 0.73515625 0.32421875 0.0625 0.1046875
0 0.81640625 0.421875 0.0703125 0.1
0 0.88359375 0.4484375 0.08125 0.11875
0 0.93828125 0.40546875 0.06875 0.0828125
0 0.8609375 0.38125 0.0734375 0.0734375
0 0.78671875 0.8171875 0.078125 0.1109375
0 0.796875 0.925 0.078125 0.1125
0 0.7375 0.97578125 0.0828125 0.0484375
0 0.93125 0.95078125 0.078125 0.0984375
0 0.9171875 0.83203125 0.0796875 0.121875
0 0.978125 0.94140625 0.04375 0.1125
0 0.87109375 0.9046875 0.0765625 0.096875
0 0.8703125 0.725 0.0875 0.115625
0 0.91796875 0.646875 0.0765625 0.0984375
0 0.9796875 0.7453125 0.040625 0.1046875
0 0.70546875 0.62734375 0.078125 0.09375
0 0.75625 0.56015625 0.0703125 0.10625
0 0.70625 0.52734375 0.0609375 0.0921875
0 0.82109375 0.55859375 0.0765625 0.121875
0 0.95078125 0.5546875 0.0765625 0.1171875
0 0.8390625 0.64765625 0.0734375 0.1
0 0.76640625 0.66171875 0.0734375 0.0890625
0 0.72421875 0.4265625 0.0703125 0.1078125
0 0.76171875 0.471875 0.0765625 0.1015625
0 0.97578125 0.6359375 0.0453125 0.096875
0 0.8515625 0.97421875 0.065625 0.0515625
0 0.72734375 0.759375 0.0625 0.115625
0 0.990625 0.31796875 0.01875 0.0984375