0 0.503125 0.5953125 0.06875 0.0953125
0 0.57890625 0.6109375 0.06875 0.0828125
0 0.56953125 0.6984375 0.078125 0.09375
0 0.48984375 0.7078125 0.075 0.0984375
0 0.534375 0.78359375 0.0734375 0.078125
0 0.4328125 0.625 0.084375 0.1
0 0.44921875 0.528125 0.065625 0.08125
0 0.496875 0.46875 0.0671875 0.0765625
0 0.43203125 0.43515625 0.0578125 0.0859375
0 0.221875 0.61953125 0.078125 0.0875
0 0.33359375 0.69609375 0.071875 0.0953125
0 0.24921875 0.7109375 0.078125 0.0984375
0 0.30625 0.77734375 0.0765625 0.0796875
0 0.3859375 0.81328125 0.0734375 0.065625
0 0.4125 0.721875 0.0765625 0.09375
0 0.46796875 0.81328125 0.0734375 0.078125
0 0.528125 0.5296875 0.034375 0.0734375