0 0.3125 0.27734375 0.1359375 0.2109375
0 0.1578125 0.23046875 0.14375 0.175
0 0.09609375 0.4609375 0.146875 0.2609375
0 0.4234375 0.35 0.1328125 0.2640625
0 0.56015625 0.28359375 0.1046875 0.1875
0 0.68203125 0.29140625 0.1203125 0.178125
0 0.76796875 0.459375 0.15625 0.215625
0 0.55859375 0.51953125 0.1390625 0.2109375
0 0.6734375 0.72890625 0.14375 0.2296875
0 0.821875 0.69921875 0.153125 0.2578125
0 0.3765625 0.709375 0.1328125 0.2015625
0 0.2515625 0.6890625 0.1484375 0.2421875
0 0.50390625 0.7984375 0.1484375 0.2375
0 0.83828125 0.2640625 0.140625 0.2171875
0 0.7671875 0.8875 0.15 0.225