0 0.84609375 0.87109375 0.2109375 0.25
0 0.4421875 0.81640625 0.134375 0.2203125
0 0.57578125 0.76796875 0.1375 0.240625
0 0.721875 0.6859375 0.1625 0.2453125
0 0.50546875 0.61484375 0.1375 0.2234375
0 0.63984375 0.50859375 0.1375 0.228125
0 0.78984375 0.44296875 0.15625 0.25
0 0.91484375 0.62265625 0.1625 0.253125
0 0.8265625 0.27421875 0.1109375 0.15625
0 0.940625 0.22109375 0.11875 0.165625
0 0.9390625 0.38828125 0.121875 0.225
0 0.5921875 0.36640625 0.1265625 0.1890625
0 0.7140625 0.3265625 0.109375 0.165625
0 0.63359375 0.19453125 0.1015625 0.15
0 0.56328125 0.12890625 0.09375 0.125
0 0.490625 0.09609375 0.0828125 0.121875
0 0.4203125 0.1296875 0.0671875 0.096875
0 0.409375 0.22421875 0.078125 0.1296875
0 0.490625 0.20859375 0.078125 0.1109375
0 0.44453125 0.3375 0.10625 0.15
0 0.53984375 0.271875 0.0953125 0.134375
0 0.48515625 0.45859375 0.109375 0.1671875
0 0.38125 0.47421875 0.0875 0.1390625
0 0.35078125 0.359375 0.078125 0.1125
0 0.325 0.278125 0.08125 0.11875
0 0.3515625 0.1765625 0.0625 0.0828125
0 0.28984375 0.234375 0.0578125 0.0859375
0 0.2515625 0.33046875 0.065625 0.0984375
0 0.2859375 0.4 0.075 0.1171875
0 0.29765625 0.51875 0.0859375 0.1453125
0 0.2390625 0.7203125 0.1203125 0.16875
0 0.175 0.8296875 0.0953125 0.140625
0 0.10625 0.7921875 0.08125 0.1359375
0 0.17109375 0.6625 0.1015625 0.1359375
0 0.1046875 0.678125 0.0671875 0.1078125
0 0.2140625 0.4421875 0.078125 0.1296875
0 0.1484375 0.50859375 0.078125 0.128125
0 0.07265625 0.59453125 0.09375 0.1203125
0 0.084375 0.48203125 0.0609375 0.0984375
0 0.140625 0.396875 0.059375 0.09375
0 0.19296875 0.30859375 0.0640625 0.1046875
0 0.1453125 0.30859375 0.05 0.0671875
0 0.19765625 0.23125 0.05625 0.0734375
0 0.26875 0.1609375 0.075 0.0921875
0 0.26640625 0.09609375 0.0640625 0.059375
0 0.215625 0.10078125 0.053125 0.075
0 0.20390625 0.16328125 0.04375 0.053125
0 0.159375 0.15703125 0.0546875 0.071875
0 0.1484375 0.23359375 0.046875 0.075
0 0.11328125 0.22890625 0.0453125 0.0703125
0 0.0953125 0.30390625 0.05 0.075
0 0.04609375 0.35390625 0.0609375 0.1140625
0 0.090625 0.38203125 0.04375 0.096875
0 0.0484375 0.45625 0.046875 0.096875
0 0.01015625 0.46171875 0.0203125 0.1046875
0 0.025 0.55703125 0.04375 0.0953125