0 0.6640625 0.96328125 0.209375 0.0734375
0 0.8859375 0.9296875 0.228125 0.140625
0 0.60625 0.83046875 0.1828125 0.234375
0 0.8203125 0.82890625 0.228125 0.284375
0 0.9640625 0.78359375 0.071875 0.1921875
0 0.65625 0.66875 0.140625 0.203125
0 0.89765625 0.653125 0.2046875 0.228125
0 0.8 0.61953125 0.1203125 0.165625
0 0.79375 0.5484375 0.1453125 0.1484375
0 0.5671875 0.69140625 0.0625 0.1125
0 0.7375 0.4703125 0.1140625 0.15625
0 0.86171875 0.49296875 0.1046875 0.1015625
0 0.59765625 0.565625 0.134375 0.1734375
0 0.6203125 0.46875 0.0953125 0.0578125
0 0.55546875 0.471875 0.0546875 0.0640625
0 0.515625 0.52890625 0.0421875 0.0484375
0 0.515625 0.59296875 0.03125 0.0984375