0 0.38828125 0.871875 0.0859375 0.1046875
0 0.45859375 0.5109375 0.0703125 0.1125
0 0.6796875 0.60703125 0.06875 0.09375
0 0.66953125 0.69609375 0.071875 0.0953125
0 0.7203125 0.80546875 0.0703125 0.096875
0 0.790625 0.8203125 0.0671875 0.0984375
0 0.54921875 0.58984375 0.0703125 0.0921875
0 0.47578125 0.67421875 0.0671875 0.09375
0 0.40234375 0.7109375 0.078125 0.1
0 0.36484375 0.78203125 0.0765625 0.096875
0 0.44296875 0.78046875 0.06875 0.109375
0 0.31640625 0.821875 0.0703125 0.0953125
0 0.44296875 0.88359375 0.0671875 0.1015625
0 0.38359375 0.95703125 0.0703125 0.071875
0 0.553125 0.68046875 0.0734375 0.0890625
0 0.59375 0.74375 0.0640625 0.0953125
0 0.609375 0.8640625 0.1171875 0.1640625
0 0.7296875 0.88671875 0.078125 0.084375
0 0.62578125 0.97265625 0.0671875 0.0546875
0 0.653125 0.78203125 0.05 0.0765625
0 0.7296875 0.72265625 0.0625 0.0859375