0 0.41796875 0.73671875 0.3265625 0.240625
0 0.44609375 0.49140625 0.2453125 0.1984375
0 0.1390625 0.371875 0.278125 0.21875
0 0.2578125 0.1765625 0.2484375 0.2078125
0 0.5125 0.11484375 0.2875 0.2296875
0 0.08828125 0.1140625 0.1765625 0.1921875
0 0.58984375 0.3609375 0.271875 0.2109375
0 0.3234375 0.36953125 0.2234375 0.1875
0 0.084375 0.62734375 0.1625 0.1859375
0 0.115625 0.83671875 0.2203125 0.23125
0 0.340625 0.925 0.290625 0.15
0 0.21875 0.96796875 0.328125 0.0640625
0 0.8703125 0.85625 0.2 0.2296875
0 0.77265625 0.05859375 0.2296875 0.1171875
0 0.94375 0.04609375 0.1125 0.0921875
0 0.25 0.56796875 0.259375 0.2046875