0 0.42578125 0.54609375 0.0609375 0.0921875
0 0.47734375 0.49453125 0.0171875 0.0546875
0 0.78046875 0.8984375 0.0203125 0.03125
0 0.80078125 0.9046875 0.0515625 0.01875
0 0.80546875 0.88671875 0.034375 0.0234375
0 0.80625 0.89375 0.0140625 0.0078125
0 0.825 0.89296875 0.0203125 0.034375
0 0.9421875 0.75703125 0.065625 0.046875
0 0.984375 0.95859375 0.0140625 0.071875
0 0.57734375 0.915625 0.046875 0.0375
0 0.5953125 0.78515625 0.0625 0.040625
0 0.521875 0.7921875 0.0578125 0.0359375
0 0.48359375 0.77265625 0.0625 0.065625
0 0.56171875 0.78515625 0.0390625 0.0375
0 0.43515625 0.7875 0.034375 0.0265625
0 0.534375 0.9171875 0.015625 0.03125