0 0.29765625 0.91328125 0.040625 0.0546875
0 0.81171875 0.0296875 0.0890625 0.059375
0 0.33203125 0.553125 0.0390625 0.05625
0 0.36953125 0.39765625 0.0390625 0.053125
0 0.78515625 0.41796875 0.059375 0.084375
0 0.0703125 0.05390625 0.0484375 0.059375
0 0.0859375 0.021875 0.04375 0.04375
0 0.096875 0.1515625 0.0296875 0.0453125
0 0.26640625 0.16875 0.028125 0.0359375
0 0.178125 0.25078125 0.040625 0.0546875
0 0.38828125 0.70625 0.0375 0.0546875
0 0.60390625 0.653125 0.059375 0.0734375
0 0.721875 0.9328125 0.0421875 0.0703125
0 0.7078125 0.425 0.04375 0.078125
0 0.621875 0.803125 0.0515625 0.0609375
0 0.415625 0.39921875 0.0453125 0.0609375
0 0.49453125 0.36640625 0.0484375 0.05625
0 0.53125 0.16328125 0.0484375 0.0640625
0 0.45234375 0.26953125 0.0390625 0.0546875
0 0.81484375 0.47578125 0.05 0.090625
0 0.7484375 0.48359375 0.046875 0.0734375
0 0.4890625 0.79375 0.0390625 0.059375
0 0.509375 0.615625 0.0296875 0.0484375
0 0.478125 0.60859375 0.03125 0.0515625
0 0.76796875 0.88515625 0.0328125 0.053125
0 0.6203125 0.89375 0.028125 0.0578125
0 0.44921875 0.80546875 0.03125 0.0625
0 0.9578125 0.4453125 0.034375 0.0375
0 0.54375 0.21328125 0.034375 0.0546875
0 0.06953125 0.22734375 0.053125 0.0671875