0 0.76015625 0.55234375 0.1078125 0.121875
0 0.88203125 0.84453125 0.0828125 0.1375
0 0.7109375 0.7953125 0.0875 0.1203125
0 0.5984375 0.57578125 0.096875 0.1046875
0 0.7046875 0.6203125 0.0953125 0.1125
0 0.575 0.70625 0.090625 0.0984375
0 0.5765625 0.81484375 0.0875 0.125
0 0.53203125 0.6671875 0.1015625 0.109375
0 0.478125 0.8953125 0.0921875 0.1125
0 0.41953125 0.778125 0.0859375 0.121875
0 0.49296875 0.809375 0.084375 0.1125
0 0.4390625 0.7109375 0.1015625 0.09375
0 0.6890625 0.8828125 0.0875 0.125
0 0.80078125 0.8765625 0.0921875 0.128125
0 0.815625 0.7515625 0.09375 0.1171875
0 0.96015625 0.74609375 0.0796875 0.1265625
0 0.96640625 0.8671875 0.0640625 0.09375
0 0.8890625 0.62109375 0.0765625 0.109375
0 0.821875 0.6109375 0.0734375 0.0859375
0 0.71875 0.71796875 0.078125 0.090625
0 0.6265625 0.63125 0.0703125 0.0765625
0 0.65 0.69453125 0.0671875 0.0828125
0 0.63671875 0.765625 0.0703125 0.1015625
0 0.91015625 0.95234375 0.084375 0.0765625
0 0.90625 0.7015625 0.0609375 0.078125
0 0.85078125 0.69453125 0.0703125 0.10625
0 0.7875 0.68203125 0.0734375 0.0890625
0 0.634375 0.8609375 0.0671875 0.1078125
0 0.575 0.9125 0.0828125 0.0828125
0 0.54921875 0.96640625 0.0703125 0.0671875
0 0.625 0.96015625 0.078125 0.0796875
0 0.6984375 0.9703125 0.0828125 0.059375
0 0.8203125 0.97109375 0.10625 0.0578125
0 0.74921875 0.9453125 0.0578125 0.096875
0 0.62734375 0.378125 0.078125 0.09375
0 0.715625 0.36328125 0.078125 0.0953125
0 0.815625 0.3390625 0.0875 0.109375
0 0.8359375 0.23046875 0.0734375 0.0890625
0 0.546875 0.146875 0.0921875 0.1125
0 0.4296875 0.24296875 0.065625 0.090625
0 0.4859375 0.2703125 0.0703125 0.090625
0 0.428125 0.18671875 0.05625 0.05
0 0.4765625 0.1546875 0.0484375 0.0734375
0 0.66171875 0.2171875 0.078125 0.0828125
0 0.69140625 0.28046875 0.0953125 0.1015625
0 0.74453125 0.2078125 0.0734375 0.0875
0 0.75 0.275 0.0515625 0.09375
0 0.88203125 0.31171875 0.071875 0.096875
0 0.89921875 0.24453125 0.0671875 0.1015625
0 0.88359375 0.17734375 0.05625 0.0625
0 0.81328125 0.1578125 0.08125 0.090625
0 0.77109375 0.1375 0.053125 0.0609375
0 0.70234375 0.1546875 0.078125 0.08125
0 0.61015625 0.10390625 0.0546875 0.075
0 0.60078125 0.29765625 0.0890625 0.10625
0 0.53515625 0.3578125 0.0671875 0.0796875
0 0.4890625 0.346875 0.046875 0.0578125
0 0.55078125 0.2859375 0.0578125 0.0703125
0 0.53671875 0.22890625 0.0734375 0.0703125
0 0.61484375 0.19765625 0.0578125 0.0796875