0 0.83671875 0.7921875 0.1375 0.1765625
0 0.0515625 0.73515625 0.103125 0.190625
0 0.6671875 0.41328125 0.1359375 0.1703125
0 0.759375 0.6453125 0.125 0.1765625
0 0.878125 0.93203125 0.1125 0.1265625
0 0.6328125 0.9296875 0.1171875 0.140625
0 0.67578125 0.79140625 0.10625 0.140625
0 0.6171875 0.6546875 0.1203125 0.1625
0 0.49609375 0.6375 0.109375 0.1671875
0 0.5375 0.79296875 0.121875 0.153125
0 0.37578125 0.67734375 0.146875 0.2015625
0 0.32421875 0.5109375 0.1140625 0.1953125
0 0.34296875 0.8609375 0.1421875 0.16875