0 0.5265625 0.921875 0.1125 0.15625
0 0.4640625 0.88203125 0.1015625 0.140625
0 0.56015625 0.7171875 0.10625 0.134375
0 0.615625 0.8171875 0.1140625 0.1421875
0 0.6359375 0.9453125 0.10625 0.109375
0 0.69140625 0.77578125 0.0953125 0.1046875
0 0.69375 0.8859375 0.0796875 0.1546875
0 0.3859375 0.76171875 0.1015625 0.109375
0 0.41875 0.66796875 0.09375 0.10625
0 0.32421875 0.7390625 0.1015625 0.128125
0 0.340625 0.659375 0.0828125 0.0703125
0 0.78828125 0.0734375 0.0859375 0.1125
0 0.7359375 0.15 0.053125 0.0796875
0 0.903125 0.1234375 0.096875 0.1
0 0.74140625 0.4265625 0.0921875 0.1046875
0 0.6171875 0.3765625 0.08125 0.0859375
0 0.56328125 0.4640625 0.059375 0.0953125
0 0.66328125 0.52421875 0.075 0.1140625
0 0.87890625 0.46953125 0.08125 0.1171875
0 0.78828125 0.15234375 0.075 0.059375
0 0.97265625 0.11484375 0.0546875 0.1015625
0 0.965625 0.0375 0.06875 0.075
0 0.840625 0.0453125 0.059375 0.0890625
0 0.9078125 0.59765625 0.1078125 0.1421875
0 0.08203125 0.46328125 0.0359375 0.046875
0 0.13203125 0.43828125 0.0375 0.053125
0 0.340625 0.1671875 0.03125 0.05625
0 0.303125 0.18984375 0.0390625 0.046875
0 0.26015625 0.3078125 0.0453125 0.04375
0 0.22421875 0.321875 0.0359375 0.0453125
0 0.8 0.38125 0.0890625 0.109375
0 0.746875 0.54296875 0.1046875 0.1328125
0 0.8296875 0.51015625 0.084375 0.1296875
0 0.4734375 0.73515625 0.0703125 0.1125
0 0.50546875 0.78984375 0.0953125 0.0953125
0 0.6859375 0.38515625 0.0671875 0.09375
0 0.63203125 0.46640625 0.08125 0.1140625
0 0.978125 0.50859375 0.04375 0.1375
0 0.13515625 0.33828125 0.03125 0.0328125
0 0.1796875 0.34765625 0.03125 0.0328125
0 0.09296875 0.42109375 0.0359375 0.03125
0 0.0453125 0.4609375 0.03125 0.0265625
0 0.07578125 0.390625 0.028125 0.0296875
0 0.2703125 0.20234375 0.034375 0.034375