0 0.63984375 0.4265625 0.2828125 0.2265625
0 0.0078125 0.58984375 0.015625 0.0296875
0 0.009375 0.63125 0.0171875 0.025
0 0.02890625 0.5703125 0.0421875 0.03125
0 0.03828125 0.5375 0.053125 0.0296875
0 0.03515625 0.246875 0.01875 0.0140625
0 0.04765625 0.334375 0.0390625 0.025
0 0.084375 0.0203125 0.1078125 0.040625
0 0.07109375 0.50546875 0.0265625 0.0234375
0 0.2234375 0.58203125 0.0828125 0.0578125
0 0.25703125 0.053125 0.1375 0.1015625
0 0.35703125 0.74296875 0.3046875 0.2171875
0 0.4234375 0.88671875 0.284375 0.1796875
0 0.4296875 0.2828125 0.2703125 0.23125
0 0.4109375 0.1546875 0.0234375 0.015625
0 0.69921875 0.2109375 0.2890625 0.225
0 0.57421875 0.275 0.0296875 0.0203125
0 0.575 0.2609375 0.0125 0.0109375
0 0.6421875 0.621875 0.0578125 0.0328125
0 0.6484375 0.675 0.0328125 0.0203125
0 0.72578125 0.60546875 0.059375 0.03125
0 0.7453125 0.6359375 0.0578125 0.0203125
0 0.746875 0.746875 0.046875 0.0203125
0 0.75859375 0.93359375 0.0296875 0.040625
0 0.78671875 0.60546875 0.05 0.034375
0 0.7984375 0.64140625 0.0546875 0.0375
0 0.796875 0.38125 0.034375 0.025
0 0.815625 0.3703125 0.021875 0.0140625
0 0.8265625 0.96328125 0.0390625 0.021875
0 0.8859375 0.4265625 0.034375 0.0296875
0 0.91484375 0.5984375 0.025 0.0234375
0 0.984375 0.32578125 0.025 0.0125