0 0.31796875 0.34921875 0.178125 0.290625
0 0.515625 0.34375 0.1828125 0.31875
0 0.84609375 0.1859375 0.15625 0.2734375
0 0.9140625 0.44296875 0.171875 0.265625
0 0.76015625 0.6328125 0.1984375 0.2765625
0 0.80078125 0.88671875 0.1390625 0.2265625
0 0.50625 0.6578125 0.153125 0.2890625
0 0.31484375 0.63046875 0.15 0.259375
0 0.1421875 0.58046875 0.175 0.30625
0 0.26015625 0.89296875 0.1296875 0.2140625
0 0.5640625 0.90234375 0.1640625 0.1953125
0 0.428125 0.88125 0.1390625 0.2328125
0 0.0859375 0.31796875 0.140625 0.25625