0 0.58984375 0.36484375 0.2375 0.328125
0 0.83203125 0.3578125 0.2484375 0.3296875
0 0.18515625 0.34609375 0.25 0.321875
0 0.26328125 0.6546875 0.209375 0.3203125
0 0.5015625 0.678125 0.2484375 0.346875
0 0.9046875 0.70078125 0.190625 0.3203125
0 0.07421875 0.66171875 0.1484375 0.3546875
0 0.128125 0.903125 0.20625 0.19375
0 0.34609375 0.91796875 0.225 0.1640625
0 0.6109375 0.9265625 0.225 0.146875
0 0.8640625 0.93046875 0.271875 0.1390625
0 0.72265625 0.10546875 0.2484375 0.20625
0 0.5171875 0.09765625 0.2375 0.1953125
0 0.08046875 0.10234375 0.1609375 0.2046875
0 0.26640625 0.090625 0.2265625 0.18125
0 0.921875 0.1296875 0.15625 0.259375