0 0.11953125 0.7328125 0.19375 0.321875
0 0.61640625 0.34375 0.184375 0.3140625
0 0.7828125 0.853125 0.2359375 0.290625
0 0.54140625 0.83359375 0.234375 0.3328125
0 0.3265625 0.790625 0.21875 0.36875
0 0.92734375 0.684375 0.1453125 0.3203125
0 0.7625 0.61953125 0.1828125 0.2671875
0 0.57578125 0.584375 0.171875 0.2546875
0 0.40859375 0.57734375 0.15 0.25
0 0.25390625 0.54765625 0.1578125 0.259375
0 0.08984375 0.48671875 0.1578125 0.234375
0 0.06171875 0.31953125 0.1203125 0.196875
0 0.228125 0.3328125 0.16875 0.234375
0 0.18828125 0.11484375 0.1421875 0.1921875
0 0.35390625 0.1125 0.15625 0.225
0 0.4984375 0.121875 0.128125 0.1953125
0 0.64453125 0.115625 0.1625 0.2171875
0 0.82734375 0.14921875 0.1609375 0.240625
0 0.80625 0.42109375 0.165625 0.2703125
0 0.9640625 0.159375 0.071875 0.2265625
0 0.95859375 0.4328125 0.0828125 0.20625
0 0.890625 0.309375 0.1453125 0.2421875
0 0.74296875 0.28203125 0.1359375 0.2296875
0 0.53828125 0.26640625 0.1 0.1890625
0 0.41796875 0.33046875 0.1921875 0.2703125
0 0.42734375 0.18046875 0.1109375 0.0609375
0 0.28359375 0.23203125 0.10625 0.146875
0 0.15703125 0.22734375 0.125 0.1390625