0 0.17421875 0.6859375 0.16875 0.3125
0 0.35 0.69140625 0.178125 0.3359375
0 0.26640625 0.2609375 0.1421875 0.259375
0 0.35625 0.48046875 0.15625 0.23125
0 0.18359375 0.490625 0.15625 0.2375
0 0.1421875 0.171875 0.128125 0.234375
0 0.2453125 0.88203125 0.1734375 0.2359375
0 0.41875 0.8875 0.159375 0.225
0 0.4546875 0.70390625 0.0859375 0.2390625
0 0.45625 0.52265625 0.090625 0.1875
0 0.46171875 0.3859375 0.0796875 0.1640625
0 0.4640625 0.2609375 0.075 0.1671875
0 0.3859375 0.3140625 0.1078125 0.2375
0 0.28515625 0.10234375 0.1515625 0.2046875
0 0.1765625 0.05703125 0.1203125 0.1125
0 0.05703125 0.090625 0.1125 0.178125
0 0.09140625 0.37890625 0.1171875 0.23125
0 0.05078125 0.55234375 0.096875 0.2234375
0 0.04375 0.7296875 0.0828125 0.3203125
0 0.0734375 0.91171875 0.1421875 0.1765625
0 0.38359375 0.09140625 0.1015625 0.1828125
0 0.46484375 0.1421875 0.075 0.1671875
0 0.4671875 0.26328125 0.071875 0.1796875
0 0.3953125 0.18046875 0.078125 0.171875
0 0.66328125 0.61875 0.1875 0.34375
0 0.59765625 0.86640625 0.1703125 0.265625
0 0.7640625 0.8578125 0.15625 0.284375
0 0.9203125 0.846875 0.1578125 0.3046875
0 0.84296875 0.5921875 0.1609375 0.328125
0 0.9609375 0.58828125 0.078125 0.3078125
0 0.66875 0.4046875 0.1640625 0.259375
0 0.55859375 0.48515625 0.1015625 0.2296875
0 0.553125 0.32734375 0.0859375 0.196875
0 0.64296875 0.26015625 0.1296875 0.24375
0 0.6328125 0.11484375 0.121875 0.1875
0 0.54609375 0.121875 0.0671875 0.146875
0 0.5453125 0.209375 0.065625 0.15
0 0.853125 0.09921875 0.134375 0.1984375
0 0.7875 0.27578125 0.1390625 0.2046875
0 0.7453125 0.14921875 0.109375 0.190625
0 0.81953125 0.4109375 0.153125 0.2140625
0 0.94609375 0.425 0.1078125 0.2421875
0 0.91015625 0.26015625 0.1015625 0.2234375
0 0.96015625 0.08125 0.0796875 0.1625
0 0.97578125 0.21015625 0.0484375 0.2734375
0 0.690625 0.02265625 0.0984375 0.0453125