0 0.78046875 0.35390625 0.23125 0.2828125
0 0.01484375 0.05 0.0296875 0.1
0 0.028125 0.71796875 0.05625 0.0859375
0 0.1734375 0.0546875 0.065625 0.065625
0 0.96953125 0.87109375 0.0609375 0.1765625
0 0.6796875 0.6484375 0.1796875 0.2171875
0 0.18828125 0.25546875 0.134375 0.1609375
0 0.29140625 0.4703125 0.11875 0.1484375
0 0.1625 0.82421875 0.0875 0.1265625
0 0.409375 0.2953125 0.1421875 0.1890625
0 0.49453125 0.41953125 0.1875 0.23125
0 0.58828125 0.328125 0.121875 0.1125
0 0.22578125 0.35 0.1125 0.1390625
0 0.30078125 0.57109375 0.1046875 0.1015625
0 0.3171875 0.70546875 0.0984375 0.09375
0 0.36484375 0.8109375 0.1125 0.1234375
0 0.5296875 0.7796875 0.096875 0.19375
0 0.4296875 0.64765625 0.1453125 0.2109375
0 0.43203125 0.13515625 0.08125 0.1140625