0 0.76484375 0.10625 0.0875 0.121875
0 0.284375 0.27734375 0.0890625 0.13125
0 0.33203125 0.48125 0.0875 0.1125
0 0.2765625 0.46875 0.03125 0.0515625
0 0.06953125 0.63203125 0.0828125 0.121875
0 0.6265625 0.6046875 0.0875 0.1265625
0 0.7765625 0.3046875 0.078125 0.09375
0 0.759375 0.3984375 0.09375 0.11875
0 0.75625 0.4953125 0.090625 0.1015625
0 0.88359375 0.55703125 0.0859375 0.1328125
0 0.79609375 0.56484375 0.0671875 0.109375
0 0.7078125 0.5859375 0.0671875 0.071875
0 0.98125 0.53515625 0.0375 0.0796875
0 0.95859375 0.84375 0.0828125 0.14375
0 0.93828125 0.9390625 0.1140625 0.121875
0 0.89921875 0.67421875 0.03125 0.0375
0 0.92265625 0.64453125 0.0265625 0.0375
0 0.76015625 0.76875 0.0984375 0.1171875
0 0.4953125 0.75 0.059375 0.078125
0 0.50859375 0.5734375 0.0671875 0.0953125
0 0.3765625 0.315625 0.0671875 0.090625
0 0.3296875 0.17890625 0.0734375 0.1109375
0 0.27578125 0.1953125 0.0359375 0.0375
0 0.42265625 0.259375 0.053125 0.0671875
0 0.1671875 0.59765625 0.065625 0.090625
0 0.15234375 0.565625 0.05625 0.0796875
0 0.19765625 0.66875 0.09375 0.1140625
0 0.203125 0.75078125 0.06875 0.06875
0 0.21484375 0.83984375 0.0703125 0.109375
0 0.19453125 0.8859375 0.0484375 0.103125
0 0.309375 0.8046875 0.0609375 0.096875
0 0.340625 0.7890625 0.046875 0.0828125
0 0.2890625 0.87109375 0.075 0.090625
0 0.24921875 0.934375 0.0609375 0.065625
0 0.53828125 0.9765625 0.075 0.046875
0 0.628125 0.9703125 0.0515625 0.059375
0 0.46875 0.79765625 0.0515625 0.0921875
0 0.51171875 0.8328125 0.0390625 0.053125