0 0.60859375 0.6484375 0.1953125 0.2640625
0 0.6171875 0.175 0.1609375 0.2359375
0 0.78046875 0.3546875 0.1625 0.1921875
0 0.7546875 0.5421875 0.165625 0.2296875
0 0.62109375 0.41171875 0.1875 0.246875
0 0.4625 0.7328125 0.15625 0.11875
0 0.178125 0.53359375 0.1734375 0.2734375
0 0.290625 0.69453125 0.1875 0.1796875
0 0.39375 0.5796875 0.1578125 0.2609375
0 0.51875 0.5609375 0.1390625 0.215625
0 0.475 0.36953125 0.153125 0.2328125
0 0.3 0.31953125 0.184375 0.303125
0 0.178125 0.3046875 0.0984375 0.1796875
0 0.290625 0.16796875 0.13125 0.1015625
0 0.41796875 0.228125 0.1375 0.190625
0 0.3328125 0.5484375 0.090625 0.175