0 0.08984375 0.184375 0.1765625 0.36875
0 0.05703125 0.4515625 0.1109375 0.290625
0 0.2015625 0.478125 0.1984375 0.359375
0 0.090625 0.7078125 0.1546875 0.215625
0 0.06640625 0.8296875 0.13125 0.334375
0 0.37421875 0.1828125 0.1984375 0.365625
0 0.48359375 0.4890625 0.2 0.371875
0 0.6828125 0.31015625 0.1984375 0.41875
0 0.7546875 0.88125 0.18125 0.2375
0 0.86796875 0.3234375 0.2171875 0.3796875
0 0.921875 0.90390625 0.15625 0.1890625
0 0.64609375 0.67109375 0.18125 0.3328125
0 0.56484375 0.8765625 0.1828125 0.246875
0 0.4015625 0.77890625 0.196875 0.3828125
0 0.346875 0.47578125 0.11875 0.290625
0 0.234375 0.24140625 0.140625 0.2953125
0 0.84140625 0.58984375 0.1609375 0.2171875
0 0.95 0.68984375 0.1 0.2328125
0 0.89609375 0.1203125 0.2078125 0.240625
0 0.24375 0.73046875 0.1625 0.275
0 0.52734375 0.16484375 0.1203125 0.259375
0 0.665625 0.09375 0.1765625 0.18125
0 0.30703125 0.934375 0.171875 0.13125
0 0.1515625 0.93828125 0.1296875 0.1234375