0 0.8125 0.87890625 0.240625 0.2421875
0 0.5765625 0.88671875 0.246875 0.2265625
0 0.35234375 0.88515625 0.2109375 0.2296875
0 0.14609375 0.87578125 0.2265625 0.2484375
0 0.86953125 0.6484375 0.209375 0.2453125
0 0.5328125 0.50234375 0.2484375 0.3375
0 0.0828125 0.68203125 0.165625 0.2140625
0 0.2734375 0.6546875 0.19375 0.2671875
0 0.68359375 0.6578125 0.190625 0.2640625
0 0.76796875 0.4125 0.178125 0.2578125
0 0.62734375 0.1875 0.21875 0.2921875
0 0.853125 0.0859375 0.215625 0.171875
0 0.36328125 0.203125 0.1859375 0.265625
0 0.09375 0.2484375 0.1875 0.253125
0 0.2203125 0.4046875 0.190625 0.2265625