0 0.703125 0.2328125 0.2296875 0.3265625
0 0.75 0.57265625 0.203125 0.290625
0 0.7171875 0.84765625 0.2171875 0.2578125
0 0.32578125 0.30234375 0.21875 0.275
0 0.553125 0.5328125 0.215625 0.3046875
0 0.27890625 0.62109375 0.18125 0.2796875
0 0.4546875 0.74765625 0.2375 0.3125
0 0.11875 0.390625 0.190625 0.303125
0 0.88046875 0.5 0.2140625 0.296875
0 0.0796875 0.22109375 0.14375 0.271875
0 0.30625 0.87265625 0.1953125 0.2453125
0 0.9140625 0.825 0.171875 0.35
0 0.51015625 0.25234375 0.1828125 0.275