0 0.02109375 0.93828125 0.0421875 0.0265625
0 0.028125 0.18671875 0.05625 0.021875
0 0.04609375 0.9296875 0.0265625 0.021875
0 0.078125 0.1171875 0.04375 0.0359375
0 0.54765625 0.6796875 0.075 0.04375
0 0.56328125 0.6046875 0.046875 0.0296875
0 0.64765625 0.69296875 0.04375 0.040625
0 0.80234375 0.8015625 0.0546875 0.0296875
0 0.81171875 0.76640625 0.075 0.04375
0 0.890625 0.5296875 0.078125 0.05625
0 0.896875 0.82265625 0.065625 0.0390625
0 0.95234375 0.85703125 0.071875 0.034375
0 0.96015625 0.75234375 0.078125 0.0609375
0 0.86953125 0.34453125 0.0765625 0.0453125
0 0.80234375 0.353125 0.065625 0.046875
0 0.85859375 0.315625 0.0578125 0.0375
0 0.6875 0.23515625 0.096875 0.0515625
0 0.78515625 0.23125 0.0734375 0.0484375
0 0.49375 0.1640625 0.071875 0.040625
0 0.484375 0.1984375 0.059375 0.0328125
0 0.471875 0.225 0.065625 0.0328125
0 0.0796875 0.32109375 0.046875 0.0375
0 0.02734375 0.3234375 0.0546875 0.046875
0 0.02265625 0.3671875 0.0421875 0.03125
0 0.01796875 0.4 0.0359375 0.0375
0 0.0765625 0.378125 0.0515625 0.0421875
0 0.0796875 0.61171875 0.05625 0.04375
0 0.04375 0.65625 0.0546875 0.040625
0 0.02265625 0.6015625 0.0453125 0.0546875
0 0.053125 0.459375 0.0625 0.0390625
0 0.01796875 0.5046875 0.0359375 0.03125
0 0.05859375 0.51953125 0.034375 0.040625
0 0.009375 0.4640625 0.01875 0.03125
0 0.73359375 0.14140625 0.0796875 0.05
0 0.8734375 0.1640625 0.0515625 0.0421875
0 0.86953125 0.0484375 0.0671875 0.040625
0 0.86953125 0.10546875 0.05625 0.0390625
0 0.58359375 0.165625 0.0671875 0.040625
0 0.64375 0.01875 0.0515625 0.034375
0 0.6078125 0.0328125 0.04375 0.0328125
0 0.72109375 0.02421875 0.0734375 0.04375
0 0.65234375 0.0453125 0.0515625 0.040625
0 0.69609375 0.06875 0.059375 0.0453125
0 0.81015625 0.0671875 0.053125 0.0421875
0 0.7171875 0.18671875 0.0671875 0.0375
0 0.9125 0.55625 0.0625 0.0359375