0 0.34921875 0.465625 0.103125 0.0703125
0 0.23984375 0.4734375 0.109375 0.0671875
0 0.49140625 0.4765625 0.1234375 0.071875
0 0.43984375 0.4546875 0.0953125 0.065625
0 0.42890625 0.5078125 0.1078125 0.0359375
0 0.60078125 0.4859375 0.09375 0.0359375
0 0.590625 0.4546875 0.0890625 0.0328125
0 0.0921875 0.5140625 0.0953125 0.0296875
0 0.21171875 0.5265625 0.103125 0.034375
0 0.16796875 0.50859375 0.078125 0.0390625
0 0.5359375 0.5640625 0.1390625 0.0890625
0 0.121875 0.59375 0.125 0.065625
0 0.7640625 0.565625 0.1078125 0.0734375
0 0.85078125 0.609375 0.1453125 0.0953125
0 0.8609375 0.53671875 0.1140625 0.0609375
0 0.971875 0.58515625 0.05625 0.084375
0 0.66015625 0.58671875 0.1453125 0.078125
0 0.48359375 0.609375 0.15625 0.0890625
0 0.703125 0.634375 0.175 0.053125
0 0.23359375 0.63125 0.15 0.0859375
0 0.6609375 0.74765625 0.2078125 0.1078125
0 0.8734375 0.76953125 0.2078125 0.121875
0 0.7734375 0.91484375 0.25625 0.1703125
0 0.91328125 0.88203125 0.1734375 0.140625
0 0.58828125 0.86484375 0.221875 0.1453125
0 0.40078125 0.81328125 0.2078125 0.11875
0 0.11171875 0.37421875 0.053125 0.0234375
0 0.16015625 0.35390625 0.0484375 0.034375
0 0.1046875 0.659375 0.134375 0.0546875
0 0.35703125 0.63125 0.096875 0.040625