0 0.021875 0.134375 0.0328125 0.0375
0 0.05703125 0.06953125 0.015625 0.025
0 0.0734375 0.04140625 0.0359375 0.0390625
0 0.275 0.75703125 0.0359375 0.0484375
0 0.29296875 0.52890625 0.0140625 0.0296875
0 0.30390625 0.4984375 0.0109375 0.0234375
0 0.34609375 0.65703125 0.03125 0.0390625
0 0.365625 0.90703125 0.0203125 0.03125
0 0.3828125 0.946875 0.0328125 0.034375
0 0.3828125 0.809375 0.0203125 0.034375
0 0.403125 0.7984375 0.0234375 0.0328125
0 0.40703125 0.87421875 0.0203125 0.028125
0 0.42109375 0.64140625 0.01875 0.0234375
0 0.4515625 0.01796875 0.025 0.0359375
0 0.5625 0.07734375 0.0171875 0.01875
0 0.578125 0.05703125 0.0171875 0.0265625
0 0.596875 0.0578125 0.0203125 0.025
0 0.39140625 0.103125 0.021875 0.040625
0 0.21640625 0.53046875 0.028125 0.0484375
0 0.171875 0.1296875 0.0359375 0.0421875
0 0.2171875 0.090625 0.0328125 0.05
0 0.22578125 0.14921875 0.0328125 0.05625
0 0.03203125 0.3390625 0.025 0.0453125
0 0.00859375 0.325 0.0171875 0.046875
0 0.14765625 0.4734375 0.040625 0.0484375
0 0.1078125 0.54296875 0.0296875 0.05625
0 0.1546875 0.634375 0.0359375 0.0453125
0 0.05546875 0.49609375 0.021875 0.0359375
0 0.14296875 0.78828125 0.025 0.0421875
0 0.10078125 0.80703125 0.021875 0.0328125
0 0.18359375 0.45234375 0.0296875 0.040625
0 0.3578125 0.10234375 0.0203125 0.0265625
0 0.11640625 0.84921875 0.01875 0.0328125
0 0.1890625 0.73671875 0.0296875 0.040625