0 0.7640625 0.31015625 0.2890625 0.303125
0 0.9109375 0.51171875 0.178125 0.2734375
0 0.7125 0.5625 0.20625 0.2453125
0 0.59921875 0.83984375 0.1875 0.3203125
0 0.3453125 0.79921875 0.2015625 0.2921875
0 0.259375 0.525 0.1890625 0.2484375
0 0.40625 0.30859375 0.1984375 0.2375
0 0.0796875 0.5234375 0.14375 0.240625
0 0.1234375 0.78671875 0.1953125 0.296875
0 0.4828125 0.5609375 0.246875 0.2984375
0 0.4984375 0.1109375 0.175 0.20625
0 0.18984375 0.09609375 0.1828125 0.1828125
0 0.896875 0.89296875 0.20625 0.2140625