0 0.34609375 0.27890625 0.209375 0.203125
0 0.5296875 0.24609375 0.190625 0.1796875
0 0.790625 0.27109375 0.190625 0.25625
0 0.67421875 0.11484375 0.1515625 0.1875
0 0.49453125 0.4390625 0.1828125 0.2375
0 0.72421875 0.490625 0.2140625 0.246875
0 0.85703125 0.72265625 0.2140625 0.253125
0 0.6390625 0.73203125 0.246875 0.275
0 0.42578125 0.76015625 0.2171875 0.303125
0 0.196875 0.64453125 0.2484375 0.26875
0 0.18515625 0.32265625 0.1875 0.2609375
0 0.29296875 0.49765625 0.190625 0.2140625
0 0.37734375 0.10390625 0.19375 0.1671875
0 0.55078125 0.08203125 0.1234375 0.128125