0 0.1015625 0.12421875 0.203125 0.2015625
0 0.33828125 0.21640625 0.2640625 0.1984375
0 0.29140625 0.06328125 0.28125 0.1265625
0 0.5453125 0.13125 0.23125 0.1921875
0 0.72109375 0.053125 0.259375 0.10625
0 0.11953125 0.334375 0.2390625 0.225
0 0.359375 0.425 0.3046875 0.2359375
0 0.13125 0.57578125 0.2625 0.2375
0 0.39921875 0.65859375 0.2953125 0.2375
0 0.15 0.828125 0.2984375 0.25
0 0.44453125 0.8875 0.309375 0.225
0 0.7 0.759375 0.28125 0.203125
0 0.72890625 0.934375 0.3046875 0.13125
0 0.9 0.8296875 0.2 0.21875
0 0.8953125 0.61328125 0.209375 0.2109375
0 0.5890625 0.28203125 0.2296875 0.15625
0 0.91796875 0.1296875 0.1640625 0.184375
0 0.78515625 0.2046875 0.2421875 0.190625
0 0.94921875 0.2828125 0.1015625 0.11875
0 0.88828125 0.40078125 0.2140625 0.21875
0 0.2 0.978125 0.203125 0.04375
0 0.03515625 0.94296875 0.0703125 0.1140625