0 0.1140625 0.7875 0.125 0.1734375
0 0.94921875 0.521875 0.1015625 0.134375
0 0.94140625 0.759375 0.1171875 0.1328125
0 0.92265625 0.63671875 0.09375 0.11875
0 0.87578125 0.546875 0.078125 0.1515625
0 0.05234375 0.4890625 0.096875 0.125
0 0.09453125 0.528125 0.0921875 0.1390625
0 0.12109375 0.62265625 0.0671875 0.15
0 0.04609375 0.65859375 0.0921875 0.1515625
0 0.03203125 0.80390625 0.0640625 0.171875
0 0.90546875 0.30625 0.0703125 0.0703125
0 0.94140625 0.359375 0.0421875 0.06875
0 0.946875 0.4328125 0.0765625 0.0546875
0 0.865625 0.6984375 0.075 0.140625
0 0.8609375 0.80703125 0.08125 0.065625