0 0.4109375 0.3921875 0.0859375 0.1390625
0 0.246875 0.60078125 0.0265625 0.0421875
0 0.396875 0.9609375 0.03125 0.0453125
0 0.440625 0.57265625 0.034375 0.0390625
0 0.44453125 0.86171875 0.03125 0.05
0 0.4625 0.9296875 0.0234375 0.04375
0 0.5875 0.2171875 0.065625 0.071875
0 0.6125 0.54765625 0.028125 0.0359375
0 0.61640625 0.4953125 0.0296875 0.0265625
0 0.65078125 0.196875 0.0546875 0.0703125
0 0.64921875 0.403125 0.046875 0.0734375
0 0.64921875 0.54765625 0.0203125 0.025
0 0.6578125 0.584375 0.0203125 0.0328125
0 0.78046875 0.23359375 0.0734375 0.1078125
0 0.79609375 0.83828125 0.0984375 0.1109375
0 0.85546875 0.384375 0.0734375 0.071875
0 0.88828125 0.015625 0.0390625 0.03125
0 0.9296875 0.8875 0.0984375 0.1359375
0 0.909375 0.51171875 0.0265625 0.0296875
0 0.9515625 0.94453125 0.0953125 0.109375
0 0.7328125 0.55234375 0.0984375 0.1078125