0 0.0015625 0.171875 0.003125 0.028125
0 0.00390625 0.21328125 0.0078125 0.0328125
0 0.01640625 0.1859375 0.028125 0.028125
0 0.03359375 0.35703125 0.0125 0.0296875
0 0.05390625 0.13984375 0.0328125 0.0296875
0 0.059375 0.42578125 0.0203125 0.025
0 0.0734375 0.06484375 0.028125 0.0328125
0 0.09453125 0.23671875 0.0421875 0.0578125
0 0.0921875 0.32265625 0.03125 0.046875
0 0.0984375 0.09140625 0.0265625 0.03125
0 0.10234375 0.009375 0.0203125 0.01875
0 0.10625 0.38203125 0.01875 0.0234375
0 0.1140625 0.0578125 0.028125 0.04375
0 0.1359375 0.37421875 0.0390625 0.046875
0 0.1359375 0.2203125 0.03125 0.0453125
0 0.14140625 0.08671875 0.0328125 0.046875
0 0.159375 0.465625 0.0453125 0.0609375
0 0.1609375 0.290625 0.034375 0.0390625
0 0.1984375 0.23359375 0.021875 0.025
0 0.2171875 0.54453125 0.0390625 0.0546875
0 0.20546875 0.12890625 0.0078125 0.0140625
0 0.215625 0.18515625 0.0265625 0.034375
0 0.2265625 0.3796875 0.0140625 0.0203125
0 0.26171875 0.428125 0.0296875 0.046875
0 0.2703125 0.48203125 0.0328125 0.04375
0 0.2828125 0.40234375 0.0359375 0.05
0 0.2859375 0.24140625 0.0296875 0.0375
0 0.29296875 0.51171875 0.0296875 0.0265625
0 0.30703125 0.021875 0.0359375 0.040625
0 0.3 0.15234375 0.01875 0.015625
0 0.3234375 0.16640625 0.0125 0.025
0 0.34921875 0.48359375 0.0296875 0.028125
0 0.36484375 0.26171875 0.0359375 0.0453125
0 0.3640625 0.61328125 0.0296875 0.0484375
0 0.3671875 0.109375 0.0328125 0.05
0 0.37421875 0.0171875 0.0453125 0.034375
0 0.38515625 0.596875 0.0234375 0.028125
0 0.415625 0.359375 0.0375 0.04375
0 0.41484375 0.009375 0.0109375 0.01875
0 0.4453125 0.040625 0.021875 0.0125
0 0.45703125 0.25703125 0.0296875 0.015625
0 0.4765625 0.68671875 0.0265625 0.03125
0 0.48984375 0.715625 0.0265625 0.0328125
0 0.50546875 0.70078125 0.0203125 0.0234375
0 0.5234375 0.08671875 0.040625 0.0421875
0 0.5421875 0.7640625 0.028125 0.0328125
0 0.56875 0.11875 0.0265625 0.034375
0 0.57265625 0.7828125 0.0265625 0.028125
0 0.5703125 0.06015625 0.0203125 0.03125
0 0.5984375 0.06015625 0.0359375 0.0515625
0 0.621875 0.21171875 0.040625 0.053125
0 0.66484375 0.1234375 0.034375 0.05
0 0.7125 0.215625 0.025 0.0453125
0 0.74140625 0.42421875 0.03125 0.0390625