0 0.7984375 0.87109375 0.2421875 0.2578125
0 0.84140625 0.5546875 0.2140625 0.2609375
0 0.57265625 0.7875 0.2078125 0.284375
0 0.375 0.73828125 0.203125 0.2734375
0 0.49375 0.53515625 0.175 0.2328125
0 0.64453125 0.375 0.1796875 0.265625
0 0.8265625 0.2984375 0.2015625 0.2578125
0 0.91875 0.09765625 0.1625 0.1953125
0 0.7171875 0.11171875 0.190625 0.209375
0 0.53828125 0.06328125 0.1765625 0.1265625
0 0.43359375 0.296875 0.20625 0.2765625
0 0.1953125 0.2515625 0.209375 0.2421875
0 0.140625 0.5171875 0.240625 0.2796875
0 0.14453125 0.8890625 0.1796875 0.221875
0 0.38046875 0.05546875 0.1484375 0.1109375