0 0.8859375 0.88359375 0.228125 0.2328125
0 0.66171875 0.8734375 0.21875 0.253125
0 0.440625 0.87109375 0.21875 0.2578125
0 0.21875 0.85625 0.2234375 0.284375
0 0.25390625 0.64765625 0.190625 0.2
0 0.44609375 0.66640625 0.1828125 0.2234375
0 0.6328125 0.66875 0.18125 0.2109375
0 0.8265625 0.6859375 0.20625 0.2234375
0 0.8 0.503125 0.178125 0.1859375
0 0.6234375 0.4890625 0.16875 0.1859375
0 0.45546875 0.49453125 0.1625 0.1921875
0 0.28125 0.48203125 0.1796875 0.1984375
0 0.309375 0.346875 0.1515625 0.1703125
0 0.459375 0.34609375 0.140625 0.1640625
0 0.60625 0.34921875 0.146875 0.171875
0 0.76328125 0.36875 0.159375 0.1625
0 0.73671875 0.25859375 0.134375 0.1421875
0 0.603125 0.23984375 0.13125 0.1296875
0 0.46640625 0.2359375 0.134375 0.13125
0 0.32734375 0.22734375 0.1390625 0.1515625
0 0.325 0.0765625 0.1328125 0.153125
0 0.465625 0.08125 0.1375 0.1609375
0 0.60625 0.0875 0.1296875 0.171875
0 0.73671875 0.09921875 0.128125 0.16875
0 0.91328125 0.0703125 0.1390625 0.140625
0 0.9171875 0.20546875 0.0984375 0.115625
0 0.95078125 0.3078125 0.0921875 0.1078125
0 0.97265625 0.434375 0.0546875 0.146875
0 0.98203125 0.23359375 0.0359375 0.109375
0 0.14609375 0.06328125 0.1703125 0.1265625
0 0.13359375 0.20703125 0.13125 0.1484375
0 0.084375 0.3484375 0.1484375 0.1734375
0 0.0578125 0.53046875 0.1125 0.2171875
0 0.034375 0.23828125 0.06875 0.1453125
0 0.0453125 0.0859375 0.0859375 0.16875
0 0.0265625 0.72421875 0.0515625 0.196875