0 0.11796875 0.8671875 0.0484375 0.0453125
0 0.128125 0.83828125 0.04375 0.0578125
0 0.3984375 0.6453125 0.0234375 0.0359375
0 0.41171875 0.19609375 0.0265625 0.0359375
0 0.46171875 0.6375 0.0359375 0.0359375
0 0.46015625 0.12109375 0.0296875 0.046875
0 0.48984375 0.18203125 0.0328125 0.046875
0 0.52578125 0.36953125 0.0328125 0.040625
0 0.590625 0.228125 0.03125 0.0546875
0 0.6265625 0.1859375 0.0328125 0.0375
0 0.6375 0.759375 0.0453125 0.0453125
0 0.66015625 0.2390625 0.03125 0.04375
0 0.678125 0.2828125 0.0125 0.028125
0 0.6953125 0.7609375 0.040625 0.04375
0 0.703125 0.334375 0.034375 0.0453125
0 0.7453125 0.76796875 0.0390625 0.0515625
0 0.77578125 0.57109375 0.0328125 0.0359375
0 0.840625 0.54453125 0.01875 0.03125
0 0.85234375 0.78125 0.025 0.0234375
0 0.859375 0.5453125 0.0203125 0.028125
0 0.903125 0.02109375 0.0234375 0.03125
0 0.9046875 0.4890625 0.025 0.0296875
0 0.9125 0.1 0.025 0.0234375
0 0.91640625 0.3265625 0.0171875 0.0203125
0 0.9296875 0.290625 0.021875 0.0390625