0 0.39375 0.73671875 0.0875 0.121875
0 0.3015625 0.5171875 0.096875 0.078125
0 0.5859375 0.73359375 0.0984375 0.1296875
0 0.91328125 0.371875 0.0421875 0.034375
0 0.96015625 0.38046875 0.0640625 0.0546875
0 0.9828125 0.3953125 0.0328125 0.0375
0 0.4375 0.63671875 0.08125 0.0875
0 0.5265625 0.79609375 0.0875 0.1
0 0.6 0.62265625 0.084375 0.10625
0 0.5265625 0.68671875 0.0953125 0.1171875
0 0.65625 0.6984375 0.08125 0.0859375
0 0.66328125 0.78203125 0.078125 0.09375
0 0.60078125 0.8265625 0.06875 0.0484375
0 0.4734375 0.753125 0.0765625 0.090625
0 0.4484375 0.6875 0.05625 0.05
0 0.44453125 0.8109375 0.0703125 0.034375