0 0.3390625 0.725 0.1875 0.1546875
0 0.14609375 0.02109375 0.175 0.0421875
0 0.3703125 0.01796875 0.16875 0.0359375
0 0.909375 0.71328125 0.1796875 0.140625
0 0.61328125 0.60859375 0.1875 0.14375
0 0.83359375 0.37890625 0.15625 0.121875
0 0.659375 0.33515625 0.1546875 0.1125
0 0.1515625 0.7171875 0.1875 0.1484375
0 0.71640625 0.7140625 0.190625 0.1421875
0 0.7890625 0.49609375 0.1640625 0.125
0 0.103125 0.5375 0.203125 0.140625
0 0.10703125 0.41640625 0.2 0.121875
0 0.1078125 0.30546875 0.15625 0.1125
0 0.2546875 0.60234375 0.1859375 0.128125
0 0.42890625 0.4421875 0.1625 0.134375
0 0.41640625 0.5703125 0.1671875 0.128125
0 0.8171875 0.621875 0.1765625 0.1140625
0 0.61171875 0.77109375 0.175 0.0984375
0 0.509375 0.68203125 0.1796875 0.1421875
0 0.42578125 0.7875 0.15625 0.075
0 0.66875 0.56953125 0.128125 0.103125
0 0.65625 0.4484375 0.1453125 0.115625
0 0.5421875 0.49921875 0.1703125 0.1171875
0 0.25078125 0.49375 0.153125 0.0953125
0 0.22578125 0.40234375 0.1359375 0.09375
0 0.2453125 0.31328125 0.13125 0.096875
0 0.346875 0.35859375 0.1546875 0.1140625
0 0.48515625 0.4 0.13125 0.090625
0 0.340625 0.4703125 0.1078125 0.10625
0 0.45546875 0.309375 0.1421875 0.1
0 0.56328125 0.3546875 0.11875 0.103125
0 0.49453125 0.225 0.134375 0.1015625
0 0.76640625 0.2375 0.134375 0.0984375
0 0.22421875 0.23359375 0.121875 0.0703125
0 0.053125 0.9859375 0.10625 0.021875
0 0.05078125 0.20390625 0.0953125 0.103125
0 0.3484375 0.2765625 0.109375 0.0625
0 0.590625 0.2640625 0.0984375 0.075
0 0.95234375 0.38203125 0.0953125 0.1140625
0 0.978125 0.49609375 0.04375 0.1046875
0 0.90703125 0.23828125 0.1421875 0.1
0 0.9484375 0.303125 0.103125 0.0484375
0 0.72265625 0.30078125 0.090625 0.05
0 0.7484375 0.3734375 0.090625 0.1078125
0 0.3125 0.21796875 0.0953125 0.065625
0 0.32890625 0.98828125 0.1453125 0.0234375
0 0.61875 0.98671875 0.1328125 0.0265625