0 0.25859375 0.6828125 0.2875 0.375
0 0.0796875 0.825 0.159375 0.35
0 0.22421875 0.31328125 0.2921875 0.375
0 0.58359375 0.153125 0.2671875 0.30625
0 0.52265625 0.465625 0.2796875 0.346875
0 0.546875 0.82109375 0.3171875 0.3578125
0 0.31484375 0.959375 0.2546875 0.08125
0 0.784375 0.61015625 0.290625 0.3734375
0 0.81953125 0.28203125 0.2546875 0.321875
0 0.04296875 0.35390625 0.0859375 0.3515625
0 0.82109375 0.89765625 0.321875 0.2046875
0 0.95078125 0.56171875 0.0984375 0.3234375
0 0.89375 0.0921875 0.2125 0.184375
0 0.371875 0.075 0.24375 0.15
0 0.4109375 0.2859375 0.18125 0.30625
0 0.19296875 0.1125 0.225 0.225