0 0.24765625 0.4359375 0.2140625 0.20625
0 0.4453125 0.5390625 0.203125 0.1984375
0 0.78359375 0.334375 0.25625 0.20625
0 0.6484375 0.6640625 0.271875 0.271875
0 0.55234375 0.353125 0.1875 0.1890625
0 0.21484375 0.22890625 0.20625 0.1765625
0 0.56484375 0.17578125 0.1921875 0.1703125
0 0.3625 0.084375 0.23125 0.16875
0 0.1859375 0.74375 0.2328125 0.215625
0 0.40234375 0.9359375 0.1921875 0.128125
0 0.84375 0.82421875 0.271875 0.2265625
0 0.896875 0.6109375 0.20625 0.21875
0 0.73046875 0.15 0.190625 0.1640625
0 0.059375 0.365625 0.11875 0.221875