0 0.88671875 0.4359375 0.14375 0.2640625
0 0.94375 0.69765625 0.1125 0.3234375
0 0.725 0.6796875 0.1640625 0.334375
0 0.859375 0.928125 0.175 0.14375
0 0.6703125 0.91796875 0.184375 0.1640625
0 0.51328125 0.83671875 0.1640625 0.3265625
0 0.35390625 0.74375 0.15625 0.3296875
0 0.4703125 0.525 0.14375 0.2890625
0 0.59765625 0.40390625 0.1640625 0.3125
0 0.74453125 0.36875 0.1515625 0.2796875
0 0.83359375 0.165625 0.15625 0.2671875
0 0.671875 0.13125 0.15625 0.253125
0 0.459375 0.23671875 0.153125 0.2921875
0 0.29140625 0.11796875 0.1453125 0.2359375
0 0.2015625 0.37109375 0.1703125 0.3421875
0 0.1046875 0.86015625 0.16875 0.2796875
0 0.15625 0.5953125 0.146875 0.2796875
0 0.0921875 0.2671875 0.128125 0.2796875
0 0.06484375 0.0828125 0.1296875 0.165625