0 0.3453125 0.94296875 0.0703125 0.065625
0 0.52265625 0.959375 0.065625 0.0609375
0 0.34609375 0.73828125 0.0625 0.0515625
0 0.259375 0.90390625 0.071875 0.05
0 0.440625 0.84375 0.065625 0.053125
0 0.690625 0.7921875 0.059375 0.046875
0 0.78203125 0.89765625 0.0640625 0.053125
0 0.778125 0.9671875 0.065625 0.0546875
0 0.85546875 0.85390625 0.065625 0.053125
0 0.496875 0.69609375 0.0546875 0.0390625
0 0.55703125 0.8203125 0.05625 0.0484375
0 0.5015625 0.89140625 0.0625 0.0484375
0 0.38671875 0.871875 0.0546875 0.040625
0 0.3078125 0.85703125 0.0703125 0.0390625
0 0.43125 0.9453125 0.078125 0.0609375
0 0.646875 0.77421875 0.0625 0.046875
0 0.22109375 0.62890625 0.028125 0.021875
0 0.17578125 0.640625 0.0328125 0.0203125
0 0.5625 0.5453125 0.0359375 0.015625
0 0.83046875 0.75234375 0.0546875 0.0359375
0 0.840625 0.784375 0.059375 0.0453125
0 0.59921875 0.85546875 0.059375 0.053125
0 0.41953125 0.76875 0.0703125 0.0453125
0 0.70625 0.953125 0.059375 0.0546875
0 0.59296875 0.9609375 0.059375 0.0578125
0 0.75 0.85625 0.0703125 0.0484375
0 0.5046875 0.73671875 0.0453125 0.0328125
0 0.3171875 0.984375 0.0671875 0.03125
0 0.55859375 0.9125 0.0625 0.040625
0 0.3578125 0.78359375 0.0546875 0.0375
0 0.63125 0.74296875 0.046875 0.03125
0 0.4875 0.78515625 0.065625 0.040625
0 0.70859375 0.740625 0.05625 0.0421875
0 0.67109375 0.90078125 0.059375 0.04375
0 0.54765625 0.73984375 0.04375 0.028125
0 0.8921875 0.990625 0.059375 0.01875
0 0.415625 0.80390625 0.0625 0.040625