0 0.81171875 0.73359375 0.278125 0.421875
0 0.39140625 0.2765625 0.0703125 0.0921875
0 0.4734375 0.271875 0.0703125 0.1015625
0 0.53984375 0.2 0.078125 0.1140625
0 0.5484375 0.0953125 0.0703125 0.10625
0 0.43203125 0.35078125 0.071875 0.075
0 0.42734375 0.221875 0.065625 0.09375
0 0.47578125 0.14765625 0.0703125 0.10625
0 0.3890625 0.05390625 0.0625 0.0828125
0 0.39765625 0.13046875 0.0671875 0.0890625
0 0.55078125 0.30078125 0.0515625 0.0875
0 0.5109375 0.046875 0.0546875 0.0796875
0 0.4359375 0.075 0.046875 0.084375