0 0.78671875 0.596875 0.1015625 0.1375
0 0.77890625 0.73203125 0.1015625 0.134375
0 0.87421875 0.65703125 0.0828125 0.128125
0 0.8734375 0.434375 0.0953125 0.128125
0 0.896875 0.5203125 0.09375 0.1484375
0 0.87421875 0.25625 0.084375 0.134375
0 0.91171875 0.371875 0.0828125 0.14375
0 0.7828125 0.4140625 0.1078125 0.1765625
0 0.76484375 0.2734375 0.1 0.1421875
0 0.6953125 0.22578125 0.1078125 0.153125
0 0.8 0.26640625 0.0625 0.15
0 0.615625 0.3265625 0.1046875 0.1609375
0 0.68671875 0.42421875 0.0828125 0.1375
0 0.58984375 0.46796875 0.1078125 0.1578125
0 0.63125 0.60234375 0.1109375 0.159375
0 0.7 0.68984375 0.1015625 0.1609375
0 0.73359375 0.53984375 0.09375 0.1546875
0 0.26953125 0.2921875 0.1234375 0.1546875
0 0.26875 0.18359375 0.09375 0.1078125
0 0.24921875 0.43828125 0.10625 0.1390625
0 0.2609375 0.6765625 0.109375 0.1765625
0 0.40625 0.60234375 0.0953125 0.1390625
0 0.4265625 0.4453125 0.0859375 0.140625
0 0.36015625 0.34140625 0.10625 0.1765625
0 0.1140625 0.33515625 0.0875 0.134375
0 0.17109375 0.50625 0.103125 0.1375
0 0.1046875 0.4578125 0.0984375 0.1359375
0 0.11640625 0.5984375 0.0859375 0.11875
0 0.1453125 0.671875 0.0859375 0.1234375
0 0.35703125 0.6875 0.078125 0.121875
0 0.25234375 0.5640625 0.10625 0.1171875
0 0.33828125 0.228125 0.0625 0.0796875
0 0.32890625 0.50390625 0.1046875 0.15625
0 0.18828125 0.3546875 0.075 0.1421875