0 0.51953125 0.83125 0.2875 0.20625
0 0.75546875 0.50859375 0.2359375 0.1484375
0 0.14375 0.52578125 0.2296875 0.1484375
0 0.8015625 0.6671875 0.25625 0.1703125
0 0.76328125 0.82578125 0.2109375 0.15625
0 0.13125 0.7 0.2546875 0.1796875
0 0.31640625 0.59453125 0.2265625 0.1421875
0 0.35234375 0.72578125 0.21875 0.146875
0 0.25390625 0.8625 0.2515625 0.1609375
0 0.55078125 0.58828125 0.225 0.140625
0 0.57265625 0.70625 0.2265625 0.14375
0 0.93828125 0.72265625 0.1234375 0.2125
0 0.359375 0.4953125 0.1328125 0.0953125
0 0.90859375 0.5484375 0.0921875 0.0984375
0 0.23828125 0.4671875 0.140625 0.0625
0 0.35546875 0.41640625 0.065625 0.0796875