0 0.5328125 0.7703125 0.0546875 0.0359375
0 0.57109375 0.7734375 0.05 0.0390625
0 0.6078125 0.37734375 0.0328125 0.053125
0 0.61484375 0.78515625 0.0390625 0.0234375
0 0.6828125 0.725 0.059375 0.0421875
0 0.6984375 0.946875 0.01875 0.03125
0 0.74765625 0.57734375 0.04375 0.0359375
0 0.7609375 0.9125 0.0578125 0.0375
0 0.771875 0.87265625 0.0515625 0.0390625
0 0.79375 0.5296875 0.075 0.0421875
0 0.7953125 0.83671875 0.0359375 0.0265625
0 0.81953125 0.54921875 0.08125 0.04375
0 0.85390625 0.84453125 0.046875 0.03125
0 0.8875 0.446875 0.0953125 0.0671875
0 0.86796875 0.978125 0.0390625 0.0265625