0 0.615625 0.93359375 0.159375 0.1328125
0 0.88125 0.890625 0.1984375 0.21875
0 0.7640625 0.86796875 0.134375 0.2640625
0 0.96171875 0.6421875 0.0765625 0.2265625
0 0.88125 0.74765625 0.1015625 0.075
0 0.95546875 0.83671875 0.0890625 0.1625
0 0.09140625 0.096875 0.071875 0.103125
0 0.059375 0.1890625 0.0734375 0.109375
0 0.26953125 0.178125 0.084375 0.1078125
0 0.25703125 0.28515625 0.0796875 0.1125
0 0.20078125 0.18125 0.0734375 0.090625
0 0.18125 0.16640625 0.071875 0.1046875
0 0.115625 0.23828125 0.053125 0.1109375
0 0.0640625 0.33046875 0.046875 0.1015625
0 0.0953125 0.33828125 0.0484375 0.1
0 0.18828125 0.26171875 0.06875 0.0640625
0 0.1359375 0.7328125 0.1140625 0.1578125
0 0.1484375 0.5796875 0.1 0.1328125
0 0.1859375 0.45703125 0.1015625 0.14375
0 0.28359375 0.3984375 0.1015625 0.1328125
0 0.2703125 0.52578125 0.10625 0.1453125
0 0.0578125 0.7171875 0.0796875 0.14375