2 0.359375 0.97421875 0.0234375 0.02890625
2 0.40859375 0.93046875 0.02421875 0.01875
2 0.4578125 0.984375 0.01015625 0.03046875
2 0.4609375 0.96171875 0.0328125 0.02421875
2 0.51015625 0.9703125 0.025 0.02265625
2 0.59140625 0.99140625 0.01796875 0.0171875
2 0.39140625 0.91484375 0.015625 0.015625
2 0.30859375 0.8734375 0.015625 0.01640625
2 0.38125 0.846875 0.0203125 0.01484375
2 0.61875 0.83515625 0.025 0.06328125
2 0.60234375 0.81171875 0.01484375 0.0796875
2 0.615625 0.7890625 0.0109375 0.03359375
2 0.571875 0.79375 0.0265625 0.07890625
2 0.5546875 0.7875 0.01796875 0.078125
2 0.54140625 0.79765625 0.01015625 0.0484375
2 0.528125 0.7984375 0.01171875 0.04140625
2 0.5125 0.81640625 0.02265625 0.05625
2 0.509375 0.7828125 0.0140625 0.03515625
2 0.46796875 0.80078125 0.0265625 0.0421875
2 0.4421875 0.796875 0.0125 0.034375
2 0.42578125 0.7703125 0.01171875 0.02890625
2 0.47890625 0.7703125 0.01328125 0.0359375
2 0.4203125 0.7515625 0.009375 0.02265625
2 0.44375 0.76640625 0.01171875 0.02421875
2 0.478125 0.6953125 0.01015625 0.01875
2 0.3484375 0.71796875 0.01171875 0.0078125
2 0.56953125 0.9 0.0234375 0.0125
2 0.40625 0.7796875 0.01484375 0.02578125