2 0.03203125 0.64609375 0.028125 0.0375
2 0.01015625 0.64921875 0.0203125 0.0609375
2 0.0546875 0.61796875 0.03203125 0.04609375
2 0.01484375 0.6078125 0.0171875 0.03828125
2 0.04296875 0.578125 0.0328125 0.0296875
2 0.08359375 0.56328125 0.0125 0.03828125
2 0.10390625 0.634375 0.021875 0.0453125
2 0.0921875 0.59375 0.01328125 0.02109375
2 0.10703125 0.6 0.028125 0.02578125
2 0.10625 0.56953125 0.028125 0.03671875
2 0.1234375 0.5921875 0.01953125 0.0421875
2 0.13359375 0.5625 0.03125 0.0421875
2 0.14921875 0.60078125 0.02421875 0.0265625
2 0.178125 0.5453125 0.01796875 0.0359375
2 0.13984375 0.54140625 0.0265625 0.02265625
2 0.17265625 0.59453125 0.0140625 0.02890625