2 0.25 0.79921875 0.04453125 0.071875
2 0.7078125 0.7046875 0.02109375 0.03671875
2 0.81640625 0.615625 0.015625 0.03125
2 0.78984375 0.56796875 0.02421875 0.02109375
2 0.6859375 0.6296875 0.02890625 0.01875
2 0.6859375 0.60234375 0.01484375 0.0234375
2 0.54453125 0.5953125 0.01484375 0.01953125
2 0.5578125 0.590625 0.0234375 0.0125
2 0.4859375 0.56953125 0.025 0.01640625
2 0.45546875 0.55859375 0.0109375 0.0140625
2 0.47109375 0.7390625 0.028125 0.03515625
2 0.51171875 0.53203125 0.01328125 0.0140625
2 0.615625 0.534375 0.0140625 0.0171875
2 0.62578125 0.52578125 0.01875 0.0140625
2 0.51015625 0.384375 0.00859375 0.00625
2 0.4875 0.3828125 0.00859375 0.00546875