2 0.02265625 0.5609375 0.02265625 0.0625
2 0.0703125 0.58203125 0.03984375 0.11171875
2 0.0703125 0.509375 0.04296875 0.08671875
2 0.08671875 0.47890625 0.0296875 0.04609375
2 0.0734375 0.453125 0.02578125 0.02421875
2 0.1265625 0.53359375 0.0265625 0.08828125
2 0.12890625 0.50546875 0.01796875 0.03515625
2 0.16171875 0.546875 0.01953125 0.06953125
2 0.215625 0.5984375 0.06484375 0.13671875
2 0.21484375 0.51953125 0.01640625 0.08203125
2 0.26796875 0.546875 0.0171875 0.08671875
2 0.3015625 0.53671875 0.05390625 0.1546875
2 0.36328125 0.50625 0.03671875 0.1640625
2 0.26171875 0.496875 0.0390625 0.0453125
2 0.1625 0.4734375 0.0296875 0.08671875
2 0.1296875 0.4171875 0.034375 0.07109375
2 0.1671875 0.43515625 0.02265625 0.05625
2 0.13671875 0.46640625 0.02421875 0.04453125
2 0.16953125 0.396875 0.02109375 0.04765625
2 0.19609375 0.47421875 0.0359375 0.0640625
2 0.18203125 0.4609375 0.0125 0.046875
2 0.24921875 0.44609375 0.028125 0.0953125
2 0.215625 0.4 0.009375 0.03671875
2 0.25 0.41796875 0.00859375 0.0390625
2 0.26328125 0.4296875 0.0234375 0.0734375
2 0.259375 0.3796875 0.0109375 0.02578125
2 0.28515625 0.4125 0.025 0.04453125
2 0.30234375 0.40859375 0.025 0.0625
2 0.6203125 0.47734375 0.02734375 0.1
2 0.64609375 0.43203125 0.025 0.125
2 0.70234375 0.4 0.02890625 0.09140625
2 0.77265625 0.39609375 0.046875 0.10390625
2 0.19921875 0.50859375 0.03125 0.08125
2 0.34296875 0.37265625 0.015625 0.01953125