2 0.11015625 0.55 0.02421875 0.1171875
2 0.14609375 0.48359375 0.02578125 0.1
2 0.20234375 0.51015625 0.03828125 0.1109375
2 0.1984375 0.434375 0.0328125 0.0703125
2 0.2046875 0.41328125 0.02890625 0.0484375
2 0.23515625 0.47578125 0.02734375 0.090625
2 0.27109375 0.47890625 0.01484375 0.06484375
2 0.25234375 0.44765625 0.02578125 0.053125
2 0.32265625 0.52734375 0.04765625 0.15078125
2 0.36015625 0.47109375 0.034375 0.09765625
2 0.396875 0.48203125 0.0484375 0.1515625
2 0.45703125 0.45546875 0.03984375 0.16171875
2 0.315625 0.46328125 0.0109375 0.0765625
2 0.24765625 0.36328125 0.03125 0.0609375
2 0.2515625 0.4078125 0.0234375 0.04375
2 0.309375 0.4296875 0.03515625 0.08671875
2 0.3171875 0.42578125 0.02578125 0.04921875
2 0.28203125 0.4140625 0.0296875 0.0921875
2 0.284375 0.34140625 0.0203125 0.0453125
2 0.28125 0.37578125 0.02109375 0.0484375
2 0.32734375 0.34609375 0.009375 0.03515625
2 0.35546875 0.396875 0.02421875 0.06484375
2 0.36875 0.36875 0.0203125 0.0578125
2 0.36875 0.3359375 0.01015625 0.046875
2 0.40703125 0.35625 0.02265625 0.06484375
2 0.39765625 0.35703125 0.0171875 0.04375
2 0.7328125 0.41796875 0.01484375 0.115625
2 0.75 0.3828125 0.0171875 0.12890625
2 0.85234375 0.34375 0.03515625 0.1
2 0.9 0.34765625 0.03359375 0.128125
2 0.19609375 0.39140625 0.02421875 0.02109375