2 0.69375 0.46484375 0.01484375 0.1109375
2 0.64375 0.5234375 0.04921875 0.12421875
2 0.66484375 0.46796875 0.03046875 0.0875
2 0.6765625 0.4390625 0.01015625 0.03671875
2 0.44765625 0.59453125 0.0234375 0.18828125
2 0.32109375 0.68125 0.04921875 0.1203125
2 0.2171875 0.6859375 0.04453125 0.175
2 0.17109375 0.71328125 0.02578125 0.18046875
2 0.14921875 0.5828125 0.0265625 0.06328125
2 0.09921875 0.64375 0.02109375 0.08359375
2 0.096875 0.728125 0.03203125 0.075
2 0.06953125 0.6765625 0.04375 0.08515625
2 0.08125 0.778125 0.0265625 0.19296875
2 0.02578125 0.73125 0.05078125 0.103125
2 0.0265625 0.6796875 0.04453125 0.0578125
2 0.1109375 0.59609375 0.0140625 0.0671875
2 0.05390625 0.59140625 0.0125 0.0390625
2 0.0125 0.64765625 0.015625 0.0609375