2 0.5796875 0.296875 0.02890625 0.02265625
2 0.59453125 0.196875 0.021875 0.01796875
2 0.55 0.2703125 0.025 0.02578125
2 0.5265625 0.31875 0.01484375 0.0234375
2 0.46328125 0.296875 0.028125 0.02265625
2 0.42421875 0.25 0.025 0.0203125
2 0.3484375 0.29921875 0.02265625 0.0296875
2 0.29609375 0.1890625 0.0125 0.01953125
2 0.2359375 0.1703125 0.01171875 0.0140625
2 0.42265625 0.165625 0.0171875 0.01953125
2 0.053125 0.40703125 0.05546875 0.07578125
2 0.48203125 0.09296875 0.03046875 0.06171875
2 0.52734375 0.10859375 0.02421875 0.0625
2 0.4421875 0.05390625 0.01328125 0.0421875
2 0.5265625 0.07265625 0.01484375 0.04375
2 0.46015625 0.06484375 0.0125 0.0328125
2 0.45625 0.09453125 0.01484375 0.03671875
2 0.5109375 0.08046875 0.0140625 0.0484375
2 0.3984375 0.06796875 0.009375 0.04453125