4 0.85546875 0.39765625 0.096875 0.128125
4 0.69140625 0.453125 0.0703125 0.190625
4 0.51953125 0.54921875 0.1015625 0.103125
4 0.34140625 0.60078125 0.053125 0.1640625
4 0.72734375 0.60703125 0.0703125 0.1375
4 0.0515625 0.61328125 0.103125 0.240625
4 0.39765625 0.6234375 0.05625 0.1765625
4 0.13671875 0.625 0.096875 0.1453125
4 0.22578125 0.65 0.096875 0.121875
4 0.69921875 0.6625 0.04375 0.1765625
4 0.5296875 0.6875 0.165625 0.2125
4 0.34375 0.7015625 0.0578125 0.2015625
4 0.25703125 0.7203125 0.125 0.165625