4 0.5640625 0.1546875 0.0453125 0.096875
4 0.64765625 0.20546875 0.04375 0.115625
4 0.8390625 0.52421875 0.0484375 0.128125
4 0.35234375 0.55859375 0.034375 0.1078125
4 0.84375 0.6234375 0.0453125 0.0875
4 0.75703125 0.6875 0.0390625 0.0671875
4 0.8296875 0.7171875 0.0578125 0.1015625
4 0.76796875 0.75390625 0.0390625 0.1375
4 0.703125 0.7859375 0.04375 0.071875
4 0.8734375 0.8328125 0.04375 0.128125
4 0.7078125 0.85078125 0.0453125 0.1171875
4 0.8484375 0.9046875 0.0484375 0.10625
4 0.81484375 0.95546875 0.053125 0.084375