4 0.5640625 0.1546875 0.0453125 0.09375
4 0.64765625 0.20703125 0.0453125 0.115625
4 0.8390625 0.52421875 0.0484375 0.125
4 0.353125 0.55859375 0.0328125 0.1078125
4 0.8453125 0.6234375 0.0453125 0.084375
4 0.75703125 0.6875 0.0390625 0.0671875
4 0.8296875 0.7171875 0.0578125 0.0984375
4 0.76796875 0.75390625 0.0359375 0.1375
4 0.703125 0.7859375 0.040625 0.071875
4 0.8734375 0.8328125 0.0453125 0.128125
4 0.7078125 0.85078125 0.0453125 0.115625
4 0.8484375 0.90625 0.0484375 0.10625
4 0.81484375 0.95546875 0.053125 0.084375