2 0.46875 0.86875 0.0484375 0.1125
2 0.23203125 0.71171875 0.0453125 0.1140625
2 0.03828125 0.403125 0.034375 0.075
2 0.42734375 0.7203125 0.040625 0.11875
2 0.92109375 0.05078125 0.0390625 0.0984375
2 0.52109375 0.88828125 0.0390625 0.1171875
2 0.5984375 0.06015625 0.0421875 0.1125
2 0.34921875 0.21796875 0.0546875 0.1390625
2 0.0765625 0.40078125 0.034375 0.0765625
2 0.5984375 0.5375 0.0546875 0.1328125
2 0.5578125 0.88984375 0.0375 0.1203125
2 0.4609375 0.72109375 0.0421875 0.121875
2 0.30078125 0.24296875 0.053125 0.0921875
2 0.82109375 0.89921875 0.05 0.1265625
2 0.77734375 0.8953125 0.0515625 0.1328125
2 0.72890625 0.89375 0.046875 0.1328125
2 0.3875 0.21875 0.05625 0.1421875
2 0.6875 0.89140625 0.0453125 0.1328125
2 0.8953125 0.19609375 0.0546875 0.1453125
2 0.76953125 0.72734375 0.0484375 0.121875
2 0.19140625 0.70703125 0.05625 0.1140625
2 0.44765625 0.53984375 0.0484375 0.1328125
2 0.64453125 0.5421875 0.0515625 0.125
2 0.06484375 0.0734375 0.0546875 0.1390625
2 0.01484375 0.403125 0.0296875 0.078125
2 0.2484375 0.2421875 0.0515625 0.090625
2 0.6 0.890625 0.046875 0.1171875
2 0.8609375 0.71796875 0.05625 0.1453125
2 0.56171875 0.37109375 0.0609375 0.1359375
2 0.64375 0.89375 0.046875 0.1265625
2 0.26328125 0.871875 0.059375 0.134375
2 0.38359375 0.7203125 0.046875 0.125
2 0.671875 0.06015625 0.0390625 0.1140625
2 0.040625 0.53359375 0.0796875 0.1296875
2 0.81015625 0.7328125 0.04375 0.1140625
2 0.11484375 0.396875 0.0578125 0.0859375
2 0.42421875 0.88125 0.0421875 0.11875
2 0.73125 0.5484375 0.046875 0.11875
2 0.221875 0.390625 0.0453125 0.0890625
2 0.33984375 0.7171875 0.046875 0.125
2 0.834375 0.3640625 0.05625 0.1421875
2 0.4109375 0.37421875 0.05 0.134375
2 0.778125 0.546875 0.0515625 0.121875
2 0.4765625 0.0625 0.05 0.1171875
2 0.82421875 0.0546875 0.05625 0.109375
2 0.38515625 0.88046875 0.0484375 0.1203125
2 0.54296875 0.71953125 0.0484375 0.121875
2 0.86796875 0.9 0.0578125 0.1265625
2 0.34609375 0.88359375 0.046875 0.121875
2 0.69296875 0.36484375 0.0484375 0.134375
2 0.5890625 0.7234375 0.0453125 0.121875
2 0.4390625 0.21875 0.0515625 0.1390625
2 0.3078125 0.88203125 0.046875 0.1171875
2 0.63515625 0.059375 0.0421875 0.115625
2 0.40234375 0.5421875 0.0484375 0.128125
2 0.5 0.7203125 0.046875 0.1296875
2 0.628125 0.7265625 0.046875 0.1234375
2 0.5109375 0.3671875 0.05625 0.1390625
2 0.5046875 0.215625 0.053125 0.1390625
2 0.1734375 0.39296875 0.0515625 0.0875
2 0.92421875 0.95 0.0484375 0.0984375
2 0.2671875 0.37578125 0.0484375 0.128125
2 0.25625 0.71484375 0.046875 0.125
2 0.0359375 0.24765625 0.0546875 0.0921875
2 0.203125 0.54296875 0.0453125 0.121875
2 0.5421875 0.53828125 0.0546875 0.1359375
2 0.17734375 0.07734375 0.0453125 0.121875
2 0.68125 0.7265625 0.046875 0.1265625
2 0.29921875 0.715625 0.046875 0.128125
2 0.3625 0.3765625 0.0515625 0.1328125
2 0.3 0.5421875 0.053125 0.1296875
2 0.740625 0.36640625 0.0515625 0.14375
2 0.19296875 0.24609375 0.05625 0.09375
2 0.45703125 0.3734375 0.053125 0.1328125
2 0.6875 0.54375 0.0515625 0.1296875
2 0.359375 0.5390625 0.0515625 0.1265625
2 0.87578125 0.05078125 0.0515625 0.1015625
2 0.78671875 0.365625 0.053125 0.14375
2 0.70390625 0.228125 0.0515625 0.10625
2 0.49375 0.5375 0.05625 0.1359375
2 0.140625 0.2375 0.0546875 0.1140625
2 0.31484375 0.3765625 0.053125 0.1296875
2 0.55234375 0.21796875 0.05 0.13125
2 0.728125 0.7296875 0.0515625 0.125
2 0.88671875 0.3625 0.0578125 0.1375
2 0.2484375 0.54453125 0.05 0.1234375
2 0.81953125 0.22421875 0.059375 0.109375
2 0.76328125 0.22734375 0.05625 0.1078125
2 0.053125 0.4015625 0.040625 0.078125
2 0.51640625 0.06015625 0.05 0.11875
2 0.56328125 0.05859375 0.05 0.1171875
2 0.0890625 0.2390625 0.0546875 0.1109375
2 0.77265625 0.0578125 0.059375 0.1140625
2 0.28203125 0.08046875 0.046875 0.103125
2 0.7171875 0.0578125 0.059375 0.115625
2 0.65 0.215625 0.05 0.13125
2 0.60078125 0.21640625 0.0546875 0.1328125
2 0.2296875 0.08515625 0.05 0.1046875
2 0.34296875 0.06484375 0.065625 0.128125
2 0.41171875 0.06328125 0.06875 0.1265625
2 0.1140625 0.55859375 0.0515625 0.0890625
2 0.16015625 0.55625 0.04375 0.0921875
2 0.13359375 0.70625 0.0484375 0.10625
2 0.01875 0.09140625 0.0375 0.0890625
2 0.13515625 0.09296875 0.0421875 0.1
2 0.0203125 0.703125 0.040625 0.140625
2 0.078125 0.703125 0.0890625 0.1515625
2 0.8765625 0.540625 0.05546875 0.13125
2 0.82421875 0.5390625 0.05234375 0.1296875
2 0.64375 0.38046875 0.0515625 0.1109375
2 0.60859375 0.3828125 0.0390625 0.11328125