2 0.09375 0.41796875 0.0359375 0.0734375
2 0.7515625 0.1046875 0.0625 0.11875
2 0.43203125 0.421875 0.053125 0.0734375
2 0.14765625 0.09375 0.0609375 0.1453125
2 0.8140625 0.10546875 0.065625 0.1203125
2 0.06953125 0.0953125 0.071875 0.1484375
2 0.1328125 0.41796875 0.04375 0.075
2 0.7453125 0.4140625 0.0625 0.0875
2 0.48203125 0.421875 0.0515625 0.075
2 0.1828125 0.41875 0.05 0.078125
2 0.878125 0.08125 0.0578125 0.1625
2 0.90859375 0.40859375 0.0796875 0.1
2 0.03046875 0.415625 0.0609375 0.084375
2 0.03046875 0.265625 0.0390625 0.096875
2 0.02265625 0.93359375 0.0453125 0.13125
2 0.23359375 0.41875 0.05 0.0765625
2 0.0828125 0.4171875 0.046875 0.0703125
2 0.53359375 0.42109375 0.0515625 0.075
2 0.0234375 0.7453125 0.046875 0.1421875
2 0.3546875 0.0828125 0.0625 0.165625
2 0.08046875 0.27578125 0.0515625 0.0765625
2 0.8296875 0.4078125 0.078125 0.1
2 0.690625 0.08125 0.0671875 0.1625
2 0.26171875 0.55546875 0.0546875 0.121875
2 0.04140625 0.56796875 0.05625 0.1421875
2 0.93515625 0.08125 0.0609375 0.1625
2 0.27890625 0.4140625 0.0515625 0.0921875
2 0.20234375 0.55546875 0.053125 0.121875
2 0.13359375 0.275 0.059375 0.078125
2 0.06484375 0.74140625 0.0546875 0.1390625
2 0.190625 0.275 0.05 0.0796875
2 0.37890625 0.41328125 0.0546875 0.0921875
2 0.37265625 0.55390625 0.05625 0.125
2 0.4296875 0.08359375 0.0625 0.165625
2 0.55859375 0.08125 0.065625 0.1625
2 0.32578125 0.41484375 0.0484375 0.09375
2 0.6375 0.4140625 0.0546875 0.090625
2 0.68984375 0.41484375 0.0609375 0.0921875
2 0.3171875 0.55546875 0.0578125 0.121875
2 0.5875 0.41484375 0.05625 0.0890625
2 0.6265625 0.08125 0.06875 0.1625
2 0.2875 0.0859375 0.0609375 0.159375
2 0.21484375 0.0828125 0.0671875 0.165625
2 0.14921875 0.54609375 0.05625 0.1390625
2 0.09765625 0.54765625 0.0578125 0.134375
2 0.4859375 0.55546875 0.05625 0.125
2 0.49453125 0.0828125 0.0671875 0.1625
2 0.43359375 0.55390625 0.0609375 0.125
2 0.5390625 0.5546875 0.0515625 0.1265625
2 0.065625 0.9328125 0.0578125 0.1328125
2 0.58671875 0.553125 0.0546875 0.121875
2 0.02109375 0.08515625 0.0421875 0.1546875
2 0.7171875 0.7265625 0.0640625 0.14375
2 0.7734375 0.72734375 0.0671875 0.1390625
2 0.8265625 0.72578125 0.06875 0.140625
2 0.88203125 0.72734375 0.065625 0.1390625
2 0.69453125 0.55 0.0546875 0.1328125
2 0.7453125 0.55 0.0578125 0.1328125
2 0.79765625 0.55 0.05625 0.1328125
2 0.8484375 0.55078125 0.0515625 0.134375
2 0.9 0.55234375 0.0578125 0.134375
2 0.3828125 0.09296875 0.04375 0.14375
2 0.328125 0.090625 0.04375 0.1453125