2 0.36640625 0.65078125 0.034375 0.0703125
2 0.3328125 0.65 0.034375 0.065625
2 0.3671875 0.728125 0.0328125 0.0390625
2 0.3015625 0.72734375 0.034375 0.040625
2 0.334375 0.7828125 0.0296875 0.034375
2 0.39921875 0.784375 0.025 0.034375
2 0.29921875 0.83828125 0.021875 0.0328125
2 0.66640625 0.85859375 0.0171875 0.0171875
2 0.68984375 0.82578125 0.01875 0.021875
2 0.73515625 0.8296875 0.015625 0.0203125
2 0.71171875 0.79140625 0.0234375 0.021875
2 0.6625 0.7921875 0.0203125 0.0234375
2 0.71328125 0.7359375 0.025 0.0625
2 0.6875 0.734375 0.025 0.0609375