2 0.025 0.32421875 0.05 0.1453125
2 0.23046875 0.36171875 0.05 0.0703125
2 0.51640625 0.66640625 0.0453125 0.14375
2 0.37578125 0.66640625 0.046875 0.1265625
2 0.28203125 0.359375 0.0578125 0.0796875
2 0.92265625 0.83828125 0.1109375 0.1921875
2 0.6265625 0.665625 0.059375 0.1375
2 0.44453125 0.36171875 0.0359375 0.071875
2 0.46640625 0.66640625 0.0546875 0.1453125
2 0.4 0.49375 0.0625 0.1484375
2 0.63125 0.1796875 0.0640625 0.0796875
2 0.53203125 0.18203125 0.0546875 0.08125
2 0.4125 0.675 0.0484375 0.1328125
2 0.05390625 0.8484375 0.1046875 0.1828125
2 0.02421875 0.5 0.0484375 0.14375
2 0.5890625 0.18671875 0.0546875 0.06875
2 0.0484375 0.1859375 0.0546875 0.071875
2 0.46875 0.18203125 0.0578125 0.0796875
2 0.4796875 0.36171875 0.04375 0.071875
2 0.41640625 0.17890625 0.040625 0.078125
2 0.30078125 0.5015625 0.0484375 0.1359375
2 0.46015625 0.4921875 0.0609375 0.1453125
2 0.371875 0.36328125 0.0546875 0.0734375
2 0.51484375 0.496875 0.0578125 0.15
2 0.5703125 0.66796875 0.0546875 0.140625
2 0.3265625 0.3625 0.046875 0.0703125
2 0.61328125 0.35625 0.0578125 0.0859375
2 0.42578125 0.36328125 0.04375 0.075
2 0.10234375 0.665625 0.0515625 0.1390625
2 0.6796875 0.4984375 0.053125 0.1421875
2 0.3484375 0.5015625 0.05 0.1375
2 0.85 0.16953125 0.05625 0.0890625
2 0.5546875 0.86015625 0.084375 0.15
2 0.62578125 0.49921875 0.0515625 0.1375
2 0.67265625 0.35546875 0.053125 0.084375
2 0.1109375 0.5 0.053125 0.1453125
2 0.46953125 0.86015625 0.0796875 0.1515625
2 0.15703125 0.5015625 0.0484375 0.140625
2 0.2828125 0.6703125 0.0515625 0.1328125
2 0.07890625 0.321875 0.0578125 0.1484375
2 0.065625 0.49921875 0.0578125 0.1453125
2 0.20703125 0.50234375 0.053125 0.140625
2 0.959375 0.30703125 0.0625 0.1578125
2 0.90859375 0.165625 0.0609375 0.0890625
2 0.15078125 0.1859375 0.046875 0.075
2 0.1453125 0.665625 0.053125 0.1390625
2 0.12421875 0.32578125 0.0515625 0.1484375
2 0.25390625 0.50234375 0.0515625 0.1375
2 0.7359375 0.49921875 0.0515625 0.1421875
2 0.33046875 0.67109375 0.05625 0.1296875
2 0.053125 0.66640625 0.0578125 0.140625
2 0.23671875 0.66953125 0.0515625 0.1375
2 0.17421875 0.3234375 0.05625 0.153125
2 0.3796875 0.17421875 0.0390625 0.096875
2 0.7921875 0.5 0.0515625 0.1421875
2 0.2 0.18359375 0.040625 0.078125
2 0.57109375 0.49921875 0.0578125 0.1390625
2 0.846875 0.5 0.0578125 0.1359375
2 0.38515625 0.86015625 0.084375 0.15
2 0.190625 0.66875 0.0546875 0.1375
2 0.340625 0.17421875 0.0453125 0.1015625
2 0.2921875 0.1734375 0.05 0.1015625
2 0.63984375 0.85859375 0.0828125 0.153125
2 0.7375 0.3484375 0.065625 0.1015625
2 0.2203125 0.8578125 0.0796875 0.15
2 0.30625 0.85625 0.084375 0.15
2 0.24375 0.17421875 0.0484375 0.096875
2 0.14375 0.85390625 0.08125 0.1484375
2 0.8125 0.346875 0.07421875 0.1
2 0.88359375 0.34609375 0.07109375 0.096875
2 0.8015625 0.1828125 0.053125 0.08515625
2 0.746875 0.1796875 0.0546875 0.0734375
2 0.7015625 0.18046875 0.04375 0.08671875
2 0.01484375 0.66953125 0.0296875 0.1421875
2 0.9484375 0.65703125 0.103125 0.15078125
2 0.1046875 0.1828125 0.05 0.07421875