2 0.796875 0.84453125 0.12421875 0.16015625
2 0.85546875 0.7015625 0.12265625 0.16484375
2 0.79296875 0.56171875 0.12421875 0.16015625
2 0.85078125 0.42109375 0.11953125 0.16640625
2 0.85 0.2421875 0.12109375 0.17109375
2 0.790625 0.09765625 0.12734375 0.16015625
2 0.62578125 0.06484375 0.12421875 0.1296875
2 0.6890625 0.18984375 0.12421875 0.1625
2 0.7515625 0.334375 0.12265625 0.1734375
2 0.69140625 0.478125 0.12421875 0.16875
2 0.62734375 0.334375 0.12109375 0.1625
2 0.63203125 0.62265625 0.11953125 0.16640625
2 0.73359375 0.70625 0.12109375 0.16640625
2 0.675 0.85234375 0.12109375 0.16640625
2 0.8578125 0.95234375 0.121875 0.0953125
2 0.73828125 0.95625 0.12109375 0.0875
2 0.61015625 0.95703125 0.12578125 0.08515625
2 0.51015625 0.90546875 0.12421875 0.1578125
2 0.571875 0.765625 0.12109375 0.16015625
2 0.50625 0.621875 0.115625 0.1625
2 0.56796875 0.47734375 0.11796875 0.16015625
2 0.50390625 0.3375 0.11953125 0.1625
2 0.5640625 0.190625 0.11796875 0.153125
2 0.5015625 0.06484375 0.12109375 0.1296875
2 0.44296875 0.19375 0.12109375 0.1625
2 0.378125 0.065625 0.11953125 0.13125
2 0.25546875 0.06796875 0.12265625 0.1359375
2 0.13125 0.06796875 0.11953125 0.1359375
2 0.19375 0.19609375 0.11953125 0.16015625
2 0.31875 0.19765625 0.12578125 0.16640625
2 0.38125 0.3375 0.12421875 0.1625
2 0.2578125 0.33984375 0.11953125 0.1625
2 0.1359375 0.34296875 0.11796875 0.16875
2 0.196875 0.4859375 0.11796875 0.16015625
2 0.32265625 0.48359375 0.12578125 0.17109375
2 0.4453125 0.48046875 0.12421875 0.16484375
2 0.38828125 0.61953125 0.12109375 0.16015625
2 0.26171875 0.62265625 0.12265625 0.1625
2 0.13828125 0.62578125 0.115625 0.16484375
2 0.19921875 0.76953125 0.12421875 0.16640625
2 0.325 0.76953125 0.12421875 0.16015625
2 0.44921875 0.7640625 0.12109375 0.15546875
2 0.3859375 0.90703125 0.11953125 0.16015625
2 0.2640625 0.9078125 0.12421875 0.16640625
2 0.140625 0.9078125 0.11796875 0.16875