2 0.08828125 0.7078125 0.040625 0.1140625
2 0.85859375 0.4171875 0.0515625 0.053125
2 0.1171875 0.25390625 0.028125 0.090625
2 0.55625 0.24453125 0.0546875 0.08125
2 0.28125 0.26640625 0.040625 0.0515625
2 0.2421875 0.26875 0.0421875 0.0515625
2 0.36328125 0.26171875 0.0375 0.05625
2 0.44453125 0.25703125 0.025 0.0625
2 0.32109375 0.265625 0.0421875 0.0515625
2 0.4125 0.71328125 0.0453125 0.1328125
2 0.6921875 0.24453125 0.03125 0.071875
2 0.64609375 0.24921875 0.03125 0.0625
2 0.09375 0.25078125 0.02109375 0.0953125
2 0.15078125 0.71015625 0.0453125 0.121875
2 0.96484375 0.5546875 0.0625 0.125
2 0.0765625 0.39609375 0.04375 0.109375
2 0.065625 0.55859375 0.0375 0.1125
2 0.10078125 0.88125 0.075 0.1234375
2 0.20703125 0.559375 0.040625 0.1140625
2 0.1171875 0.7109375 0.046875 0.1234375
2 0.0953125 0.56640625 0.0375 0.1015625
2 0.29453125 0.7109375 0.04375 0.13125
2 0.43046875 0.55625 0.0453125 0.121875
2 0.3890625 0.55703125 0.04375 0.1203125
2 0.3703125 0.88828125 0.071875 0.1328125
2 0.171875 0.57265625 0.0328125 0.084375
2 0.615625 0.25 0.0359375 0.0625
2 0.23203125 0.70546875 0.0453125 0.121875
2 0.190625 0.7078125 0.046875 0.128125
2 0.3296875 0.7109375 0.0453125 0.1328125
2 0.584375 0.7140625 0.0453125 0.1171875
2 0.14765625 0.5703125 0.0328125 0.0890625
2 0.3171875 0.55703125 0.0421875 0.115625
2 0.03828125 0.55703125 0.0390625 0.1125
2 0.90234375 0.7203125 0.05625 0.1296875
2 0.26484375 0.709375 0.0453125 0.128125
2 0.45390625 0.71328125 0.0484375 0.1328125
2 0.353125 0.55703125 0.04375 0.11875
2 0.36796875 0.7140625 0.0515625 0.1296875
2 0.24375 0.55859375 0.04375 0.1171875
2 0.121875 0.56875 0.034375 0.0921875
2 0.28359375 0.5578125 0.0453125 0.1171875
2 0.64140625 0.7078125 0.05 0.1359375
2 0.39765625 0.39453125 0.0453125 0.1109375
2 0.73828125 0.7109375 0.05625 0.1390625
2 0.48671875 0.259375 0.0328125 0.0640625
2 0.4765625 0.55703125 0.046875 0.121875
2 0.65859375 0.5546875 0.0421875 0.1234375
2 0.4953125 0.7078125 0.046875 0.1140625
2 0.15234375 0.396875 0.046875 0.1140625
2 0.50625 0.39296875 0.04375 0.1140625
2 0.7390625 0.55546875 0.04375 0.125
2 0.1140625 0.3953125 0.05 0.109375
2 0.7984375 0.71796875 0.0578125 0.128125
2 0.54296875 0.39296875 0.0453125 0.1140625
2 0.43828125 0.8890625 0.065625 0.1375
2 0.5828125 0.390625 0.046875 0.1171875
2 0.25 0.396875 0.046875 0.1109375
2 0.28515625 0.3953125 0.046875 0.109375
2 0.8484375 0.71875 0.0546875 0.128125
2 0.6859375 0.70625 0.0515625 0.1390625
2 0.36171875 0.39609375 0.046875 0.109375
2 0.6234375 0.38828125 0.046875 0.11875
2 0.4328125 0.39453125 0.04375 0.1109375
2 0.03046875 0.40625 0.0515625 0.09375
2 0.46875 0.39375 0.0453125 0.1140625
2 0.325 0.39609375 0.046875 0.1109375
2 0.61875 0.55625 0.04375 0.121875
2 0.69765625 0.55625 0.04375 0.121875
2 0.665625 0.38671875 0.0453125 0.121875
2 0.571875 0.89296875 0.0671875 0.1359375
2 0.0375 0.8640625 0.075 0.153125
2 0.70625 0.38515625 0.046875 0.1234375
2 0.95703125 0.721875 0.0546875 0.13125
2 0.53671875 0.71484375 0.05 0.1171875
2 0.57265625 0.55546875 0.0453125 0.125
2 0.19375 0.39609375 0.053125 0.1140625
2 0.50390625 0.8921875 0.071875 0.1390625
2 0.746875 0.38671875 0.046875 0.1234375
2 0.64921875 0.8953125 0.071875 0.140625
2 0.04375 0.24296875 0.0359375 0.109375
2 0.721875 0.9 0.0765625 0.1421875
2 0.05078125 0.71484375 0.0734375 0.1125
2 0.78203125 0.24765625 0.05625 0.05625
2 0.83125 0.2453125 0.0453125 0.05625
2 0.87421875 0.24453125 0.04375 0.059375
2 0.91796875 0.24375 0.0453125 0.0578125
2 0.915625 0.4125 0.0625 0.059375
2 0.971875 0.4 0.05625 0.084375
2 0.80078125 0.4125 0.0609375 0.05859375
2 0.971875 0.23671875 0.05625 0.06796875
2 0.2 0.26796875 0.04296875 0.05
2 0.16015625 0.2703125 0.03515625 0.053125
2 0.0734375 0.25859375 0.02265625 0.08828125
2 0.29609375 0.88203125 0.0765625 0.13203125
2 0.21953125 0.88984375 0.0828125 0.13828125
2 0.16875 0.86796875 0.05859375 0.134375