2 0.321875 0.5390625 0.078125 0.171875
2 0.80234375 0.43125 0.1015625 0.21796875
2 0.23125 0.44140625 0.09609375 0.20703125
2 0.52578125 0.4578125 0.09140625 0.25234375
2 0.5234375 0.61953125 0.05078125 0.08046875
2 0.81796875 0.59140625 0.05390625 0.09375
2 0.71171875 0.4828125 0.05703125 0.09375
2 0.65234375 0.5875 0.04921875 0.10234375
2 0.6265625 0.64609375 0.040625 0.09765625
2 0.3875 0.66640625 0.04609375 0.11796875
2 0.364379084375 0.55337690625 0.3529411765625 0.546840959375 0.3513071890625 0.614379084375 0.31535947656249996 0.6296296296875 0.3186274515625 0.6797385625000001 0.36274509843749997 0.6775599125 0.364379084375 0.55337690625
2 0.490625 0.6578125 0.0375 0.09609375