2 0.47890625 0.5109375 0.12109375 0.75703125
2 0.58203125 0.5234375 0.09765625 0.728125
2 0.64921875 0.51953125 0.0734375 0.6765625
2 0.71328125 0.50859375 0.0671875 0.6203125
2 0.7625 0.50234375 0.0671875 0.5734375
2 0.80859375 0.49765625 0.05546875 0.534375
2 0.3905228765625 0.7720588234375 0.3807189546875 0.811274509375 0.382352940625 0.8259803921875 0.3986928109375 0.8431372546875 0.4264705875 0.830882353125 0.4166666671875 0.46323529375000005 0.419934640625 0.4142156859375 0.44117647031249996 0.3578431375 0.44607843125 0.31617647031249996 0.44607843125 0.2107843140625 0.439542484375 0.20098039218750002 0.421568628125 0.20098039218750002 0.41339869218749997 0.348039215625 0.3921568625 0.39460784375 0.383986928125 0.44117647031249996 0.383986928125 0.7524509796875 0.3905228765625 0.7720588234375
2 0.2203125 0.459375 0.09140625 0.49296875
2 0.36328125 0.515625 0.0703125 0.60078125
2 0.85234375 0.49375 0.05703125 0.49296875
2 0.3015625 0.48046875 0.075 0.5125