2 0.58203125 0.83046875 0.0453125 0.16875
2 0.53203125 0.82890625 0.04453125 0.165625
2 0.4828125 0.828125 0.04375 0.16796875
2 0.34921875 0.82578125 0.040625 0.16484375
2 0.3015625 0.8265625 0.04296875 0.16484375
2 0.2515625 0.8265625 0.04375 0.16484375
2 0.203125 0.8265625 0.04375 0.165625
2 0.8453125 0.4859375 0.04609375 0.1609375
2 0.796875 0.48828125 0.046875 0.16328125
2 0.74765625 0.4875 0.0484375 0.1609375
2 0.696875 0.4890625 0.04609375 0.16015625
2 0.584375 0.48671875 0.04609375 0.15859375
2 0.53359375 0.48671875 0.04609375 0.159375
2 0.48125 0.48671875 0.04296875 0.16015625