2 0.79609375 0.115625 0.0453125 0.18125
2 0.753125 0.1171875 0.0453125 0.178125
2 0.709375 0.11875 0.04296875 0.17578125
2 0.67265625 0.12265625 0.0421875 0.17265625
2 0.79375 0.35546875 0.03984375 0.17578125
2 0.7046875 0.35546875 0.0453125 0.171875
2 0.665625 0.3546875 0.04375 0.1703125
2 0.7828125 0.80625 0.0484375 0.165625
2 0.7390625 0.803125 0.0421875 0.1546875
2 0.6953125 0.79765625 0.0453125 0.15234375
2 0.653125 0.7921875 0.04296875 0.1515625
2 0.59375 0.12890625 0.05625 0.165625
2 0.553125 0.13125 0.046875 0.16328125
2 0.5140625 0.13203125 0.040625 0.1609375
2 0.471875 0.13515625 0.0421875 0.1609375
2 0.296875 0.13984375 0.0328125 0.16328125
2 0.26875 0.1421875 0.034375 0.159375
2 0.228125 0.14921875 0.0328125 0.14921875
2 0.2015625 0.1453125 0.028125 0.1578125
2 0.3234375 0.34765625 0.0296875 0.1640625
2 0.28828125 0.35078125 0.0390625 0.15546875
2 0.2453125 0.35078125 0.0359375 0.14765625
2 0.21953125 0.35078125 0.0328125 0.15234375
2 0.3890625 0.35234375 0.04296875 0.1609375
2 0.42734375 0.35234375 0.0421875 0.1625
2 0.46796875 0.35234375 0.0375 0.1640625
2 0.50390625 0.353125 0.0390625 0.16484375
2 0.3171875 0.559375 0.0375 0.146875
2 0.2859375 0.55234375 0.0359375 0.1453125
2 0.24765625 0.5484375 0.034375 0.14765625
2 0.2171875 0.5484375 0.0390625 0.14140625
2 0.4640625 0.56640625 0.0390625 0.1484375
2 0.5015625 0.56796875 0.0390625 0.14921875
2 0.53984375 0.56875 0.0375 0.153125
2 0.5765625 0.57109375 0.03984375 0.1546875
2 0.784375 0.584375 0.04609375 0.171875
2 0.74375 0.5859375 0.04609375 0.16015625
2 0.69921875 0.58125 0.04296875 0.1625
2 0.659375 0.57734375 0.040625 0.15703125
2 0.49296875 0.76796875 0.034375 0.14921875
2 0.45625 0.7640625 0.03984375 0.146875
2 0.41875 0.7609375 0.0375 0.1421875
2 0.38203125 0.75703125 0.0390625 0.13984375
2 0.31796875 0.746875 0.034375 0.14453125
2 0.2859375 0.74375 0.034375 0.140625
2 0.2515625 0.74296875 0.03984375 0.1390625
2 0.2171875 0.73828125 0.03984375 0.13671875
2 0.2203125 0.91640625 0.03203125 0.1296875
2 0.2515625 0.92109375 0.03515625 0.13203125
2 0.28359375 0.9265625 0.0359375 0.1328125
2 0.315625 0.93359375 0.03046875 0.13125
2 0.45390625 0.94609375 0.0375 0.1078125
2 0.74609375 0.3546875 0.0453125 0.171875
2 0.49296875 0.94765625 0.034375 0.1046875
2 0.53046875 0.94921875 0.0390625 0.1015625
2 0.57265625 0.95078125 0.0421875 0.0984375