2 0.58125 0.2859375 0.09921875 0.34921875
2 0.76484375 0.2875 0.09140625 0.36953125
2 0.41171875 0.27109375 0.10625 0.40078125
2 0.24296875 0.259375 0.09296875 0.4203125
2 0.4234375 0.778125 0.09296875 0.38984375
2 0.94140625 0.28125 0.10625 0.3765625
2 0.0734375 0.290625 0.11640625 0.36953125
2 0.775 0.7890625 0.1046875 0.3890625
2 0.60234375 0.77890625 0.09375 0.39140625
2 0.24453125 0.77578125 0.090625 0.39921875
2 0.946875 0.78515625 0.10390625 0.4
2 0.07421875 0.77578125 0.10390625 0.37109375