2 0.4421875 0.271875 0.05625 0.08515625
2 0.1171875 0.2375 0.03203125 0.05234375
2 0.378125 0.62890625 0.0625 0.125
2 0.4515625 0.63203125 0.0609375 0.1109375
2 0.98515625 0.77421875 0.028125 0.13359375
2 0.14296875 0.28125 0.025 0.04453125
2 0.77109375 0.26328125 0.03046875 0.0953125
2 0.61875 0.41796875 0.0484375 0.1421875
2 0.171875 0.240625 0.03125 0.05546875
2 0.11796875 0.2828125 0.025 0.04765625
2 0.34921875 0.44296875 0.0578125 0.13125
2 0.6390625 0.6015625 0.0515625 0.1546875
2 0.25078125 0.22890625 0.04140625 0.06640625
2 0.28828125 0.44375 0.0578125 0.134375
2 0.721875 0.79609375 0.05546875 0.159375
2 0.45703125 0.4421875 0.0609375 0.15
2 0.62578125 0.2609375 0.02890625 0.08671875
2 0.8375 0.26953125 0.0359375 0.090625
2 0.2265625 0.2734375 0.0484375 0.071875
2 0.390625 0.27265625 0.0453125 0.08984375
2 0.2796875 0.26796875 0.04609375 0.09140625
2 0.6578125 0.26484375 0.03046875 0.08046875
2 0.4078125 0.4453125 0.0578125 0.1328125
2 0.8046875 0.2640625 0.034375 0.0921875
2 0.090625 0.4515625 0.0640625 0.121875
2 0.8875 0.78359375 0.05 0.1484375
2 0.50078125 0.26640625 0.04609375 0.09609375
2 0.825 0.42109375 0.05625 0.1359375
2 0.7296875 0.265625 0.03515625 0.0828125
2 0.94453125 0.784375 0.059375 0.14921875
2 0.1453125 0.23828125 0.02734375 0.05546875
2 0.665625 0.7953125 0.05546875 0.15234375
2 0.0921875 0.28046875 0.0359375 0.04765625
2 0.69296875 0.265625 0.0359375 0.08046875
2 0.54765625 0.2703125 0.04453125 0.09453125
2 0.33984375 0.26953125 0.053125 0.08828125
2 0.4421875 0.225 0.05078125 0.0875
2 0.68828125 0.60390625 0.05625 0.146875
2 0.97421875 0.27109375 0.0359375 0.096875
2 0.8390625 0.26953125 0.0359375 0.09375
2 0.7703125 0.41640625 0.046875 0.1421875
2 0.8703125 0.2703125 0.0359375 0.0859375
2 0.36015625 0.8140625 0.0546875 0.1484375
2 0.884375 0.415625 0.053125 0.13984375
2 0.97890625 0.4171875 0.0421875 0.1359375
2 0.77734375 0.79375 0.0578125 0.153125
2 0.903125 0.26953125 0.0390625 0.0921875
2 0.8328125 0.784375 0.0546875 0.14921875
2 0.66953125 0.41875 0.0515625 0.1421875
2 0.7359375 0.60625 0.0453125 0.140625
2 0.825 0.6015625 0.04609375 0.14921875
2 0.7203125 0.41953125 0.05625 0.1390625
2 0.78203125 0.60625 0.04921875 0.1421875
2 0.934375 0.41640625 0.04609375 0.1359375
2 0.1703125 0.6265625 0.0625 0.1375
2 0.6125 0.8 0.0609375 0.15390625
2 0.24375 0.81875 0.0625 0.1640625
2 0.2359375 0.62734375 0.059375 0.1375
2 0.88125 0.603125 0.0640625 0.146875
2 0.603125 0.60703125 0.03203125 0.1515625
2 0.5609375 0.4421875 0.046875 0.13828125
2 0.51328125 0.44375 0.05390625 0.13984375
2 0.1578125 0.453125 0.06171875 0.11796875
2 0.2203125 0.44453125 0.06484375 0.13515625
2 0.06328125 0.28125 0.02578125 0.0453125
2 0.18203125 0.27578125 0.04765625 0.0609375
2 0.2109375 0.23125 0.05078125 0.0734375
2 0.2921875 0.24375 0.04453125 0.128125
2 0.34453125 0.2234375 0.05546875 0.0828125
2 0.39375 0.2265625 0.04765625 0.08046875
2 0.48671875 0.22109375 0.0359375 0.08671875
2 0.54375 0.21640625 0.04609375 0.07734375