2 0.55859375 0.125 0.0875 0.2484375
2 0.40625 0.4515625 0.09375 0.3265625
2 0.253125 0.11796875 0.1046875 0.234375
2 0.38984375 0.1234375 0.1203125 0.2328125
2 0.12421875 0.11171875 0.115625 0.2234375
2 0.6765625 0.1265625 0.0984375 0.253125
2 0.15 0.94140625 0.096875 0.1171875
2 0.24296875 0.93515625 0.1140625 0.1296875
2 0.409375 0.91640625 0.14375 0.1421875
2 0.69296875 0.8625 0.1546875 0.121875
2 0.62578125 0.871875 0.1421875 0.11875
2 0.56875 0.8859375 0.13125 0.121875
2 0.53125 0.909375 0.053125 0.103125
2 0.828125 0.8671875 0.053125 0.090625
2 0.88515625 0.5421875 0.1453125 0.078125
2 0.853125 0.54453125 0.103125 0.0765625
2 0.825 0.55546875 0.05 0.0703125
2 0.63828125 0.553125 0.1359375 0.090625
2 0.5671875 0.55625 0.1375 0.09375
2 0.5328125 0.565625 0.06875 0.090625
2 0.3109375 0.57421875 0.1125 0.1109375
2 0.221875 0.5765625 0.115625 0.1125
2 0.13671875 0.58359375 0.1015625 0.1203125
2 0.83515625 0.21796875 0.0703125 0.0859375
2 0.9484375 0.23359375 0.06875 0.0640625
2 0.89375 0.23046875 0.059375 0.0734375