2 0.1828125 0.41640625 0.021875 0.0609375
2 0.20390625 0.41640625 0.025 0.0625
2 0.22421875 0.41640625 0.025 0.0625
2 0.62890625 0.41484375 0.03671875 0.0609375
2 0.9828125 0.61015625 0.03125 0.10625
2 0.6671875 0.41640625 0.034375 0.053125
2 0.4921875 0.50234375 0.0328125 0.046875
2 0.3921875 0.8875 0.03125 0.0875
2 0.56484375 0.503125 0.0328125 0.046875
2 0.3671875 0.88984375 0.03125 0.0859375
2 0.46640625 0.74609375 0.0359375 0.1109375
2 0.29921875 0.740625 0.040625 0.1109375
2 0.5296875 0.503125 0.0390625 0.046875
2 0.6390625 0.7421875 0.040625 0.115625
2 0.60625 0.5046875 0.0328125 0.0453125
2 0.34140625 0.88984375 0.03125 0.0859375
2 0.63828125 0.87578125 0.04375 0.1171875
2 0.31640625 0.8875 0.0328125 0.0921875
2 0.42734375 0.875 0.040625 0.115625
2 0.49765625 0.74609375 0.0375 0.1125
2 0.37109375 0.74296875 0.0390625 0.1125
2 0.49921875 0.87421875 0.040625 0.1140625
2 0.52890625 0.74375 0.040625 0.1125
2 0.64609375 0.50390625 0.034375 0.046875
2 0.190625 0.7421875 0.040625 0.1125
2 0.9171875 0.61171875 0.040625 0.1109375
2 0.87734375 0.6109375 0.0453125 0.1125
2 0.953125 0.6109375 0.040625 0.109375
2 0.5671875 0.878125 0.04375 0.1140625
2 0.67265625 0.878125 0.0390625 0.1109375
2 0.81875 0.74609375 0.040625 0.1125
2 0.2265625 0.7421875 0.040625 0.1109375
2 0.53359375 0.87734375 0.040625 0.1125
2 0.71171875 0.74609375 0.0390625 0.109375
2 0.4015625 0.7453125 0.0359375 0.1109375
2 0.4625 0.875 0.0375 0.1125
2 0.43515625 0.7453125 0.0390625 0.1125
2 0.675 0.7453125 0.040625 0.1109375
2 0.29375 0.88515625 0.03125 0.090625
2 0.2296875 0.875 0.03671875 0.109375
2 0.33359375 0.74296875 0.040625 0.109375
2 0.5671875 0.7421875 0.040625 0.1171875
2 0.60390625 0.87734375 0.040625 0.115625
2 0.77890625 0.8796875 0.04375 0.109375
2 0.26171875 0.74296875 0.0390625 0.1125
2 0.5578125 0.609375 0.0359375 0.109375
2 0.03984375 0.6921875 0.078125 0.1375
2 0.74765625 0.7453125 0.040625 0.1140625
2 0.7421875 0.878125 0.040625 0.1125
2 0.603125 0.7421875 0.040625 0.11875
2 0.70625 0.8796875 0.0390625 0.1078125
2 0.19140625 0.875 0.03828125 0.1109375
2 0.91875 0.759375 0.04375 0.090625
2 0.11484375 0.69140625 0.0890625 0.1328125
2 0.81875 0.88046875 0.0421875 0.1078125
2 0.78359375 0.74453125 0.0421875 0.115625
2 0.95390625 0.88203125 0.04375 0.109375
2 0.83203125 0.6140625 0.0453125 0.1078125
2 0.59453125 0.609375 0.0390625 0.1109375
2 0.915625 0.88046875 0.0421875 0.10625
2 0.790625 0.6125 0.0421875 0.1125
2 0.87265625 0.7578125 0.0421875 0.0921875
2 0.8734375 0.87890625 0.04375 0.1046875
2 0.9640625 0.76015625 0.0453125 0.090625
2 0.671875 0.61171875 0.0421875 0.1125
2 0.7515625 0.61171875 0.0421875 0.1109375
2 0.634375 0.61171875 0.040625 0.109375
2 0.7125 0.6109375 0.04375 0.1140625
2 0.103125 0.85625 0.0875 0.1484375
2 0.034375 0.85390625 0.06875 0.1484375
2 0.55078125 0.41796875 0.0328125 0.0578125
2 0.590625 0.4171875 0.0359375 0.059375
2 0.871875 0.41796875 0.0390625 0.0453125
2 0.91015625 0.4203125 0.040625 0.05
2 0.10625 0.5515625 0.09375 0.11015625
2 0.025 0.55 0.05 0.10546875
2 0.128125 0.4171875 0.075 0.1078125
2 0.0578125 0.41875 0.0703125 0.11015625
2 0.253125 0.415625 0.0328125 0.06953125
2 0.2859375 0.41796875 0.03203125 0.0671875
2 0.31640625 0.4171875 0.0328125 0.06484375
2 0.34296875 0.41875 0.03203125 0.06875
2 0.37109375 0.4171875 0.03046875 0.0640625
2 0.39765625 0.41875 0.02890625 0.06328125
2 0.43359375 0.41953125 0.046875 0.05625
2 0.4765625 0.42109375 0.04140625 0.05625
2 0.5125 0.4203125 0.03828125 0.05546875
2 0.71015625 0.4171875 0.0453125 0.0578125
2 0.75390625 0.41875 0.03828125 0.04609375
2 0.79609375 0.4140625 0.03671875 0.053125
2 0.8375 0.41484375 0.0375 0.04921875
2 0.9515625 0.42265625 0.03984375 0.0546875
2 0.82734375 0.5046875 0.034375 0.03671875
2 0.7734375 0.50546875 0.0328125 0.03828125
2 0.740625 0.50546875 0.03359375 0.04140625
2 0.7109375 0.5046875 0.028125 0.0421875
2 0.684375 0.503125 0.028125 0.0421875
2 0.45390625 0.49921875 0.03828125 0.05234375
2 0.41796875 0.4984375 0.03984375 0.05234375
2 0.38046875 0.4984375 0.034375 0.05390625
2 0.34296875 0.4984375 0.0359375 0.053125
2 0.30546875 0.4984375 0.03828125 0.053125
2 0.2703125 0.49765625 0.03515625 0.05546875
2 0.234375 0.4984375 0.03828125 0.053125
2 0.19609375 0.49921875 0.0359375 0.05625