2 0.5375 0.27890625 0.04375 0.1375
2 0.16484375 0.28671875 0.0484375 0.1328125
2 0.44375 0.278125 0.05 0.1421875
2 0.30390625 0.28125 0.0515625 0.140625
2 0.3515625 0.28359375 0.0515625 0.1390625
2 0.4921875 0.28046875 0.05 0.14375
2 0.80546875 0.2796875 0.04375 0.125
2 0.209375 0.28671875 0.0484375 0.1328125
2 0.76171875 0.27265625 0.0515625 0.1390625
2 0.25625 0.284375 0.0515625 0.1359375
2 0.578125 0.28359375 0.0484375 0.1265625
2 0.39375 0.28125 0.0515625 0.1421875
2 0.6234375 0.28125 0.04375 0.128125
2 0.715625 0.28125 0.0515625 0.1265625
2 0.85234375 0.27421875 0.0515625 0.1390625
2 0.6671875 0.28125 0.046875 0.1296875