2 0.16171875 0.53671875 0.08828125 0.13671875
2 0.1578125 0.675 0.09609375 0.13984375
2 0.2328125 0.61171875 0.08984375 0.12890625
2 0.253125 0.4734375 0.12109375 0.14765625
2 0.321875 0.540625 0.1109375 0.15
2 0.59375 0.7515625 0.09296875 0.18671875
2 0.675 0.7484375 0.1140625 0.18125
2 0.82890625 0.68515625 0.08984375 0.15
2 0.75234375 0.61171875 0.08671875 0.134375
2 0.82890625 0.53828125 0.0796875 0.12890625
2 0.67890625 0.5484375 0.08359375 0.12890625
2 0.75390625 0.4765625 0.0796875 0.1265625
2 0.64375 0.27734375 0.09765625 0.13984375
2 0.5734375 0.3484375 0.08828125 0.16015625
2 0.49765625 0.3984375 0.08359375 0.14453125
2 0.425 0.3421875 0.08203125 0.15234375
2 0.34921875 0.2734375 0.09296875 0.15234375