2 0.21953125 0.66875 0.19765625 0.19140625
2 0.19453125 0.70703125 0.20625 0.159375
2 0.15625 0.715625 0.2171875 0.1765625
2 0.115625 0.7484375 0.209375 0.19375
2 0.475 0.8796875 0.028125 0.23046875
2 0.48984375 0.86484375 0.0359375 0.23046875
2 0.503125 0.8421875 0.0296875 0.21328125
2 0.4203125 0.9078125 0.0359375 0.18359375
2 0.57109375 0.76484375 0.02421875 0.1859375
2 0.46015625 0.54765625 0.1390625 0.1203125
2 0.2203125 0.19765625 0.0328125 0.2671875
2 0.24375 0.19765625 0.04609375 0.25703125
2 0.26640625 0.1984375 0.0390625 0.25
2 0.28671875 0.2 0.0296875 0.24296875
2 0.3921875 0.2046875 0.0296875 0.20859375
2 0.46875 0.209375 0.0328125 0.18359375
2 0.45 0.2109375 0.028125 0.1859375
2 0.51796875 0.209375 0.02578125 0.17421875
2 0.5296875 0.209375 0.02578125 0.16875
2 0.13828125 0.19609375 0.05390625 0.29375
2 0.1015625 0.19609375 0.05234375 0.30390625
2 0.05234375 0.1921875 0.065625 0.32109375
2 0.559375 0.77734375 0.02421875 0.19609375