2 0.82109375 0.27578125 0.29375 0.21484375
2 0.81875 0.46875 0.26015625 0.196875
2 0.83203125 0.6328125 0.271875 0.19140625
2 0.83125 0.79296875 0.290625 0.19375
2 0.48828125 0.896875 0.20390625 0.18828125
2 0.49609375 0.74140625 0.2265625 0.18046875
2 0.49375 0.578125 0.21015625 0.18671875
2 0.496875 0.40390625 0.26484375 0.21875
2 0.49375 0.2109375 0.22421875 0.25
2 0.165625 0.121875 0.15390625 0.084375
2 0.16953125 0.35703125 0.16953125 0.09921875
2 0.178125 0.56328125 0.14296875 0.11953125
2 0.1609375 0.77578125 0.13984375 0.13125
2 0.15546875 0.8734375 0.1453125 0.13671875