2 0.796875 0.7703125 0.14375 0.02578125
2 0.7984375 0.67890625 0.1390625 0.0265625
2 0.79765625 0.5859375 0.14375 0.025
2 0.690625 0.49296875 0.1390625 0.0234375
2 0.775 0.40234375 0.15 0.02109375
2 0.7859375 0.30703125 0.13984375 0.02109375
2 0.7828125 0.21640625 0.13984375 0.01953125
2 0.6875 0.1234375 0.14140625 0.01796875
2 0.4671875 0.121875 0.13984375 0.015625
2 0.2640625 0.121875 0.14296875 0.01484375
2 0.22421875 0.215625 0.14375 0.015625
2 0.3859375 0.21640625 0.13984375 0.01875
2 0.603125 0.21640625 0.14140625 0.01875
2 0.61640625 0.30703125 0.13671875 0.02109375
2 0.55703125 0.40078125 0.140625 0.02578125
2 0.421875 0.30703125 0.13671875 0.02109375
2 0.24609375 0.30859375 0.13984375 0.021875
2 0.24140625 0.49375 0.13984375 0.02421875
2 0.47109375 0.49453125 0.13828125 0.025
2 0.59296875 0.5875 0.13828125 0.0265625
2 0.40859375 0.5875 0.1390625 0.025
2 0.2234375 0.58671875 0.140625 0.02421875
2 0.2265625 0.68046875 0.14140625 0.0265625
2 0.39921875 0.67890625 0.1390625 0.028125
2 0.60625 0.6796875 0.13984375 0.0296875
2 0.39921875 0.771875 0.14140625 0.02578125
2 0.21953125 0.77265625 0.14453125 0.0265625
2 0.6109375 0.771875 0.140625 0.025
2 0.32578125 0.4015625 0.14296875 0.025