2 0.759375 0.209375 0.22734375 0.2890625
2 0.44453125 0.24296875 0.21875 0.25
2 0.29296875 0.0671875 0.1421875 0.12734375
2 0.77421875 0.72265625 0.221875 0.3703125
2 0.890625 0.034375 0.12890625 0.06875
2 0.18046875 0.74765625 0.1734375 0.36484375
2 0.03828125 0.08359375 0.0765625 0.16640625
2 0.58125 0.05859375 0.1453125 0.10546875
2 0.4703125 0.71328125 0.209375 0.40703125
2 0.63515625 0.92890625 0.19609375 0.1296875
2 0.16015625 0.25859375 0.1859375 0.284375
2 0.32734375 0.91328125 0.19296875 0.1640625
2 0.96640625 0.18515625 0.0671875 0.23046875
2 0.05859375 0.51796875 0.1171875 0.2578125
2 0.0734375 0.94140625 0.146875 0.09765625
2 0.6109375 0.46796875 0.21875 0.34296875
2 0.3078125 0.50234375 0.20625 0.2625
2 0.9 0.9296875 0.196875 0.140625