2 0.1984375 0.1390625 0.05703125 0.24140625
2 0.715625 0.140625 0.06640625 0.25859375
2 0.753125 0.78359375 0.06796875 0.25546875
2 0.18828125 0.77421875 0.071875 0.271875
2 0.62109375 0.14609375 0.059375 0.23828125
2 0.3015625 0.1421875 0.05625 0.24609375
2 0.871875 0.44921875 0.06171875 0.2546875
2 0.86953125 0.7765625 0.0640625 0.26328125
2 0.29140625 0.7765625 0.0609375 0.25078125
2 0.27109375 0.4546875 0.0640625 0.26484375
2 0.5109375 0.45859375 0.06796875 0.275
2 0.49609375 0.78125 0.06640625 0.2703125
2 0.76796875 0.45546875 0.071875 0.25625