2 0.12109375 0.91171875 0.1640625 0.1765625
2 0.21171875 0.88203125 0.17421875 0.23203125
2 0.325 0.878125 0.1546875 0.24375
2 0.396875 0.83203125 0.15234375 0.23203125
2 0.5 0.7953125 0.1375 0.2171875
2 0.584375 0.765625 0.125 0.2140625
2 0.41015625 0.76796875 0.090625 0.19921875
2 0.515625 0.7203125 0.0515625 0.14375
2 0.65078125 0.72734375 0.13984375 0.22578125
2 0.72578125 0.6921875 0.12734375 0.2171875
2 0.80546875 0.67890625 0.0953125 0.2140625
2 0.8578125 0.6625 0.1125 0.178125
2 0.90546875 0.6453125 0.10078125 0.1765625
2 0.95078125 0.61328125 0.09765625 0.19140625
2 0.953125 0.3015625 0.09296875 0.20078125
2 0.89921875 0.31015625 0.11796875 0.20234375
2 0.86796875 0.33515625 0.09765625 0.19609375
2 0.81953125 0.34765625 0.11015625 0.18984375
2 0.7734375 0.35859375 0.11015625 0.19765625
2 0.72890625 0.36328125 0.1203125 0.2109375
2 0.67265625 0.3734375 0.13515625 0.22421875
2 0.609375 0.39375 0.159375 0.22578125
2 0.5609375 0.41328125 0.1375 0.22578125
2 0.48671875 0.4328125 0.14921875 0.23828125
2 0.42890625 0.44609375 0.15234375 0.2421875
2 0.37265625 0.4640625 0.146875 0.2484375
2 0.29765625 0.48125 0.1546875 0.253125
2 0.1828125 0.50546875 0.159375 0.26015625
2 0.10625 0.534375 0.17890625 0.26484375
2 0.13359375 0.19296875 0.18359375 0.2515625
2 0.228125 0.1796875 0.16171875 0.2453125
2 0.32578125 0.16328125 0.16171875 0.23828125
2 0.41640625 0.14921875 0.15703125 0.23046875
2 0.5046875 0.134375 0.1375 0.221875
2 0.58984375 0.12265625 0.14453125 0.221875
2 0.67265625 0.109375 0.13515625 0.215625
2 0.73671875 0.103125 0.11015625 0.1859375
2 0.78984375 0.09375 0.1203125 0.1875
2 0.86015625 0.08671875 0.08828125 0.1734375
2 0.91328125 0.0828125 0.090625 0.16484375
2 0.9578125 0.078125 0.084375 0.15625