2 0.440625 0.7828125 0.034375 0.16640625
2 0.47265625 0.77578125 0.0328125 0.1640625
2 0.50078125 0.771875 0.028125 0.16640625
2 0.52421875 0.76328125 0.028125 0.16640625
2 0.54921875 0.75625 0.028125 0.16171875
2 0.57265625 0.74765625 0.028125 0.1546875
2 0.59453125 0.73984375 0.028125 0.1546875
2 0.61796875 0.73515625 0.028125 0.1546875
2 0.63984375 0.728125 0.028125 0.15234375
2 0.66015625 0.7203125 0.02421875 0.14921875
2 0.68203125 0.71328125 0.028125 0.146875
2 0.70390625 0.70703125 0.02421875 0.14921875
2 0.72578125 0.70078125 0.02421875 0.14453125
2 0.7453125 0.69609375 0.02265625 0.1421875
2 0.76328125 0.69140625 0.02578125 0.1421875
2 0.784375 0.68515625 0.02578125 0.13984375
2 0.8046875 0.67890625 0.02421875 0.13984375
2 0.821875 0.67421875 0.02578125 0.13984375
2 0.86875 0.68125 0.02578125 0.09296875
2 0.31015625 0.54296875 0.0375 0.18359375
2 0.2796875 0.546875 0.028125 0.18359375
2 0.25703125 0.54296875 0.02578125 0.18125
2 0.240625 0.53671875 0.02265625 0.1765625
2 0.22265625 0.53515625 0.02265625 0.171875
2 0.20859375 0.53203125 0.02265625 0.1640625
2 0.19453125 0.528125 0.02109375 0.16640625
2 0.17890625 0.521875 0.02109375 0.16875
2 0.16171875 0.515625 0.01640625 0.16875
2 0.525 0.26875 0.02265625 0.13515625
2 0.546875 0.25859375 0.02578125 0.125
2 0.565625 0.26015625 0.0296875 0.125
2 0.58828125 0.25859375 0.028125 0.12265625
2 0.61015625 0.2546875 0.02421875 0.1203125
2 0.62890625 0.25859375 0.02578125 0.12265625
2 0.65078125 0.2546875 0.028125 0.11796875
2 0.67109375 0.25390625 0.02578125 0.11484375
2 0.690625 0.2546875 0.02578125 0.11796875
2 0.70859375 0.25234375 0.02265625 0.1125
2 0.72734375 0.25390625 0.02421875 0.1125
2 0.74453125 0.2515625 0.01953125 0.1078125
2 0.82109375 0.25625 0.02421875 0.11796875
2 0.80546875 0.25625 0.02421875 0.11796875
2 0.78828125 0.2546875 0.02421875 0.11796875
2 0.76796875 0.25703125 0.028125 0.12265625
2 0.41875 0.5296875 0.0359375 0.16171875
2 0.4484375 0.5234375 0.02578125 0.15703125
2 0.47578125 0.51953125 0.028125 0.15703125
2 0.49921875 0.5171875 0.0296875 0.159375
2 0.52265625 0.51328125 0.028125 0.15234375
2 0.5453125 0.51015625 0.0296875 0.15234375
2 0.56953125 0.50390625 0.028125 0.14921875
2 0.58984375 0.50234375 0.02578125 0.14921875
2 0.61171875 0.49765625 0.02421875 0.14921875
2 0.634375 0.49375 0.02421875 0.14453125
2 0.6546875 0.48984375 0.02578125 0.14453125
2 0.68046875 0.48984375 0.03125 0.13203125
2 0.703125 0.48515625 0.028125 0.125
2 0.72734375 0.48125 0.028125 0.125
2 0.75 0.478125 0.0296875 0.12265625
2 0.7734375 0.47421875 0.02578125 0.125
2 0.79296875 0.47265625 0.028125 0.125
2 0.821875 0.4609375 0.0296875 0.1296875
2 0.84140625 0.45703125 0.02265625 0.12734375
2 0.85625 0.4546875 0.02265625 0.12734375
2 0.89453125 0.4484375 0.0328125 0.1296875
2 0.9140625 0.44765625 0.02421875 0.12734375
2 0.92734375 0.44375 0.02578125 0.12265625
2 0.8859375 0.671875 0.01640625 0.0859375
2 0.85234375 0.67734375 0.01953125 0.0859375
2 0.275 0.27109375 0.02578125 0.14921875
2 0.265625 0.26875 0.02265625 0.146875
2 0.2546875 0.26875 0.01484375 0.14921875
2 0.246875 0.2671875 0.01328125 0.14453125
2 0.23203125 0.26953125 0.01796875 0.14453125