2 0.16015625 0.1640625 0.05234375 0.2109375
2 0.50546875 0.20625 0.034375 0.15703125
2 0.05078125 0.4875 0.05234375 0.08359375
2 0.096875 0.48125 0.05390625 0.08125
2 0.2671875 0.46171875 0.05703125 0.0734375
2 0.228125 0.46171875 0.0671875 0.08125
2 0.18984375 0.47578125 0.05859375 0.06875
2 0.5578125 0.4328125 0.06015625 0.05625
2 0.80625 0.44375 0.06015625 0.0640625
2 0.8328125 0.44765625 0.0671875 0.0609375
2 0.86875 0.4484375 0.0640625 0.06875
2 0.95078125 0.4546875 0.065625 0.07578125
2 0.9765625 0.46875 0.046875 0.05625
2 0.97734375 0.5671875 0.0328125 0.0515625