2 0.95546875 0.82890625 0.0578125 0.1203125
2 0.3234375 0.17265625 0.040625 0.1046875
2 0.1984375 0.31015625 0.075 0.0703125
2 0.83671875 0.4328125 0.0734375 0.071875
2 0.48984375 0.1796875 0.0875 0.09375
2 0.6703125 0.87109375 0.075 0.1234375
2 0.290625 0.17109375 0.0515625 0.1109375
2 0.91796875 0.17734375 0.0484375 0.0890625
2 0.975 0.178125 0.0453125 0.0859375
2 0.17421875 0.571875 0.0609375 0.1203125
2 0.5609375 0.175 0.059375 0.1
2 0.709375 0.43125 0.05625 0.0703125
2 0.9 0.86953125 0.0796875 0.134375
2 0.91640625 0.3015625 0.053125 0.06875
2 0.28515625 0.31015625 0.078125 0.078125
2 0.8265625 0.87265625 0.08125 0.128125
2 0.02265625 0.44140625 0.0453125 0.1359375
2 0.0703125 0.3078125 0.05625 0.0828125
2 0.9734375 0.68515625 0.053125 0.109375
2 0.55546875 0.428125 0.046875 0.071875
2 0.74375 0.87578125 0.0796875 0.1265625
2 0.7578125 0.16953125 0.0484375 0.1078125
2 0.74765625 0.3125 0.0515625 0.059375
2 0.1140625 0.30234375 0.059375 0.0859375
2 0.60546875 0.4296875 0.046875 0.0734375
2 0.4484375 0.4140625 0.0578125 0.103125
2 0.50234375 0.4296875 0.040625 0.071875
2 0.8984375 0.43203125 0.0609375 0.06875
2 0.75625 0.43203125 0.059375 0.071875
2 0.1453125 0.575 0.0671875 0.115625
2 0.3671875 0.309375 0.0734375 0.08125
2 0.23046875 0.5703125 0.06875 0.125
2 0.93671875 0.56640625 0.0703125 0.125
2 0.95546875 0.43125 0.0609375 0.0671875
2 0.8828125 0.72578125 0.05 0.125
2 0.384375 0.4171875 0.059375 0.103125
2 0.6953125 0.31328125 0.0515625 0.0578125
2 0.65078125 0.4296875 0.04375 0.075
2 0.30234375 0.56875 0.0625 0.121875
2 0.9265625 0.72578125 0.05 0.1296875
2 0.97265625 0.30234375 0.0546875 0.071875
2 0.7109375 0.1703125 0.0484375 0.1109375
2 0.81640625 0.3046875 0.0625 0.071875
2 0.86875 0.303125 0.0484375 0.071875
2 0.61875 0.17265625 0.05 0.109375
2 0.66875 0.171875 0.046875 0.109375
2 0.365625 0.565625 0.0609375 0.121875
2 0.8765625 0.56640625 0.0640625 0.1265625
2 0.74921875 0.72890625 0.0609375 0.1234375
2 0.2109375 0.425 0.0484375 0.0875
2 0.8140625 0.56640625 0.0640625 0.128125
2 0.7515625 0.5671875 0.0625 0.125
2 0.309375 0.42578125 0.0515625 0.0890625
2 0.68046875 0.7265625 0.0640625 0.128125
2 0.684375 0.55859375 0.0671875 0.14375
2 0.53515625 0.7234375 0.06875 0.140625
2 0.43671875 0.5625 0.0671875 0.1359375
2 0.2640625 0.42578125 0.046875 0.0875
2 0.8109375 0.7296875 0.0640625 0.1234375
2 0.6109375 0.7265625 0.0640625 0.1328125
2 0.6 0.56015625 0.06875 0.1421875
2 0.5203125 0.5609375 0.0703125 0.1390625
2 0.015625 0.3109375 0.03125 0.075
2 0.87109375 0.1796875 0.04453125 0.08984375
2 0.815625 0.178125 0.059375 0.08671875
2 0.4234375 0.178125 0.0625 0.10078125
2 0.35859375 0.171875 0.05 0.115625
2 0.08671875 0.1515625 0.13671875 0.1546875
2 0.209375 0.15078125 0.1125 0.1515625