2 0.3828125 0.821875 0.05859375 0.2
2 0.39765625 0.6328125 0.0265625 0.10546875
2 0.5109375 0.63046875 0.0296875 0.09765625
2 0.5203125 0.5 0.028125 0.10625
2 0.3859375 0.49921875 0.028125 0.10546875
2 0.415625 0.3703125 0.0296875 0.096875
2 0.49921875 0.36875 0.03046875 0.09921875
2 0.52265625 0.2296875 0.034375 0.103125
2 0.45078125 0.23046875 0.03359375 0.10390625
2 0.38828125 0.23125 0.03359375 0.1015625
2 0.38359375 0.0953125 0.03515625 0.1
2 0.45390625 0.09296875 0.034375 0.103125
2 0.51953125 0.090625 0.03203125 0.09921875
2 0.49375 0.8109375 0.06484375 0.19375
2 0.64140625 0.6984375 0.04453125 0.13046875
2 0.69609375 0.6921875 0.04140625 0.13359375
2 0.7734375 0.63984375 0.028125 0.11015625
2 0.91171875 0.64296875 0.02890625 0.11171875
2 0.9140625 0.503125 0.028125 0.11015625
2 0.76953125 0.50234375 0.03125 0.1078125
2 0.75390625 0.3671875 0.03203125 0.1
2 0.91171875 0.2203125 0.0359375 0.10625
2 0.83046875 0.221875 0.0359375 0.10703125
2 0.759375 0.22421875 0.0359375 0.10390625
2 0.76875 0.0828125 0.0359375 0.10390625
2 0.83359375 0.07890625 0.03671875 0.10625
2 0.9046875 0.078125 0.03515625 0.1046875
2 0.08359375 0.534375 0.04609375 0.121875