2 0.86953125 0.31484375 0.1046875 0.10546875
2 0.8765625 0.43359375 0.1125 0.11796875
2 0.86953125 0.5953125 0.12421875 0.146875
2 0.86953125 0.7796875 0.1375 0.18125
2 0.76328125 0.32109375 0.09140625 0.09296875
2 0.75390625 0.43984375 0.10625 0.1296875
2 0.73671875 0.60078125 0.1109375 0.15703125
2 0.725 0.7625 0.12578125 0.16640625
2 0.65703125 0.3296875 0.08828125 0.10078125
2 0.63671875 0.45 0.08671875 0.1296875
2 0.6234375 0.58828125 0.103125 0.15234375
2 0.59140625 0.74140625 0.1046875 0.159375
2 0.4140625 0.715625 0.09296875 0.146875
2 0.33125 0.69609375 0.08671875 0.13203125
2 0.446875 0.5671875 0.0796875 0.11484375
2 0.3671875 0.5640625 0.0734375 0.1125
2 0.47890625 0.45234375 0.075 0.10546875
2 0.5046875 0.34296875 0.071875 0.09765625
2 0.259375 0.68515625 0.0765625 0.11484375
2 0.4 0.44453125 0.065625 0.090625
2 0.4296875 0.34765625 0.065625 0.09296875
2 0.359375 0.3515625 0.065625 0.0859375
2 0.32890625 0.45234375 0.0671875 0.0953125
2 0.15703125 0.6421875 0.05546875 0.09765625
2 0.290625 0.55625 0.06875 0.1078125
2 0.19453125 0.54140625 0.05546875 0.103125
2 0.23125 0.44375 0.05390625 0.08828125
2 0.26328125 0.3515625 0.04921875 0.07578125
2 0.2140625 0.36484375 0.04921875 0.06875
2 0.16875 0.36640625 0.04765625 0.07109375
2 0.18203125 0.44375 0.05703125 0.078125
2 0.13671875 0.44375 0.05390625 0.08828125
2 0.146875 0.53828125 0.05546875 0.08125
2 0.09921875 0.5296875 0.06015625 0.08828125
2 0.11015625 0.6359375 0.0671875 0.10078125
2 0.065625 0.6203125 0.06171875 0.09296875