2 0.1125 0.165625 0.0765625 0.13515625
2 0.178125 0.17578125 0.071875 0.13515625
2 0.26875 0.18671875 0.05625 0.13671875
2 0.32109375 0.19765625 0.05546875 0.1328125
2 0.40546875 0.215625 0.05078125 0.1203125
2 0.45625 0.22578125 0.05390625 0.1171875
2 0.52109375 0.2375 0.04609375 0.1125
2 0.56171875 0.24453125 0.04609375 0.10859375
2 0.55703125 0.08671875 0.040625 0.09296875
2 0.85078125 0.1703125 0.05078125 0.0828125
2 0.88359375 0.17734375 0.03828125 0.08046875
2 0.89296875 0.30625 0.04140625 0.08359375
2 0.86171875 0.3015625 0.03671875 0.08359375
2 0.753125 0.2796875 0.04296875 0.096875
2 0.72109375 0.2734375 0.03828125 0.10078125
2 0.6578125 0.2640625 0.04140625 0.109375
2 0.73671875 0.43359375 0.04921875 0.11875
2 0.76953125 0.4359375 0.04296875 0.11640625
2 0.67109375 0.42734375 0.04453125 0.1265625
2 0.5765625 0.42109375 0.04609375 0.1328125
2 0.53046875 0.41640625 0.046875 0.134375
2 0.46015625 0.4140625 0.05703125 0.13984375
2 0.40703125 0.409375 0.05625 0.140625
2 0.31796875 0.4 0.06484375 0.1578125
2 0.2671875 0.39453125 0.06171875 0.15859375
2 0.15078125 0.39140625 0.08125 0.16171875
2 0.0828125 0.38203125 0.07890625 0.1625
2 0.06171875 0.64140625 0.0890625 0.196875
2 0.140625 0.640625 0.07890625 0.1953125
2 0.25703125 0.63515625 0.06796875 0.190625
2 0.31640625 0.63203125 0.065625 0.184375
2 0.4078125 0.62890625 0.06015625 0.17109375
2 0.465625 0.625 0.05625 0.16328125
2 0.5328125 0.62265625 0.05625 0.1578125
2 0.58515625 0.61953125 0.05390625 0.15078125
2 0.653125 0.615625 0.0390625 0.15
2 0.6859375 0.6140625 0.046875 0.14453125
2 0.7484375 0.6109375 0.0484375 0.1375
2 0.7828125 0.6078125 0.04375 0.13203125
2 0.87578125 0.60625 0.046875 0.1265625
2 0.9140625 0.6046875 0.05546875 0.12109375
2 0.94140625 0.603125 0.05078125 0.11640625
2 0.7734375 0.80546875 0.05390625 0.16484375
2 0.80703125 0.796875 0.05 0.16484375
2 0.7328125 0.79609375 0.0359375 0.153125
2 0.88515625 0.7859375 0.04609375 0.140625
2 0.9640625 0.7703125 0.04453125 0.13125
2 0.59609375 0.84375 0.05546875 0.18515625
2 0.53984375 0.85546875 0.06328125 0.1921875
2 0.47109375 0.86875 0.06328125 0.2015625
2 0.409375 0.88125 0.06484375 0.2078125
2 0.3140625 0.88984375 0.06171875 0.21328125
2 0.25390625 0.89296875 0.06875 0.20625
2 0.1328125 0.90078125 0.07109375 0.19765625
2 0.0453125 0.90390625 0.090625 0.1921875
2 0.853125 0.44375 0.04921875 0.10703125
2 0.8859375 0.446875 0.040625 0.10234375
2 0.91640625 0.446875 0.04140625 0.0984375
2 0.975 0.44921875 0.0390625 0.10625
2 0.70390625 0.13203125 0.03046875 0.0734375
2 0.646875 0.1171875 0.03359375 0.0796875
2 0.61640625 0.1078125 0.0296875 0.08125
2 0.51328125 0.078125 0.0484375 0.0921875
2 0.4515625 0.065625 0.046875 0.08515625
2 0.40546875 0.05234375 0.046875 0.08984375
2 0.33046875 0.0390625 0.0453125 0.078125
2 0.93671875 0.7765625 0.046875 0.13515625
2 0.825 0.290625 0.03515625 0.0984375
2 0.73671875 0.1375 0.03984375 0.08203125
2 0.28515625 0.03359375 0.0515625 0.0671875