2 0.9890625 0.87265625 0.02109375 0.178125
2 0.97421875 0.8703125 0.02109375 0.1875
2 0.9453125 0.87734375 0.0328125 0.1734375
2 0.915625 0.87734375 0.0296875 0.1734375
2 0.86953125 0.87109375 0.0328125 0.18515625
2 0.83828125 0.8703125 0.0296875 0.1875
2 0.80859375 0.8734375 0.0328125 0.18984375
2 0.77734375 0.8734375 0.03125 0.18046875
2 0.6890625 0.8734375 0.034375 0.178125
2 0.65546875 0.87265625 0.03125 0.178125
2 0.62421875 0.86875 0.0328125 0.1828125
2 0.59296875 0.86796875 0.0296875 0.18984375
2 0.56484375 0.86796875 0.02578125 0.18515625
2 0.50078125 0.8671875 0.03125 0.1828125
2 0.46484375 0.86796875 0.0328125 0.18515625
2 0.43203125 0.865625 0.03125 0.18984375
2 0.40234375 0.8671875 0.028125 0.18984375
2 0.3609375 0.86796875 0.01953125 0.1875
2 0.3375 0.86484375 0.028125 0.19375
2 0.296875 0.86875 0.0328125 0.18984375
2 0.26484375 0.86796875 0.03125 0.1875
2 0.2328125 0.86875 0.0296875 0.18515625
2 0.1671875 0.87265625 0.0296875 0.178125
2 0.1390625 0.87265625 0.0296875 0.18046875
2 0.11328125 0.87109375 0.02578125 0.18046875
2 0.0828125 0.86875 0.034375 0.1828125
2 0.05078125 0.86796875 0.0296875 0.18046875
2 0.01015625 0.6171875 0.01953125 0.1828125
2 0.053125 0.62109375 0.0328125 0.1828125
2 0.08828125 0.61953125 0.034375 0.18046875
2 0.13125 0.61484375 0.034375 0.1828125
2 0.16796875 0.61484375 0.03125 0.18515625
2 0.23125 0.6140625 0.03125 0.18046875
2 0.2640625 0.6125 0.0328125 0.1828125
2 0.29609375 0.6125 0.0328125 0.1828125
2 0.32734375 0.61171875 0.0328125 0.1828125
2 0.3578125 0.6125 0.02578125 0.1828125
2 0.009375 0.86875 0.01796875 0.18046875
2 0.403125 0.61875 0.0328125 0.171875
2 0.43515625 0.6171875 0.03125 0.171875
2 0.465625 0.61640625 0.0296875 0.1734375
2 0.496875 0.61640625 0.0328125 0.1734375
2 0.5234375 0.61640625 0.02109375 0.1734375
2 0.56328125 0.6140625 0.0296875 0.1828125
2 0.5921875 0.6140625 0.0296875 0.1828125
2 0.621875 0.61875 0.03125 0.1734375
2 0.6546875 0.6171875 0.034375 0.17578125
2 0.6890625 0.6171875 0.0328125 0.17578125
2 0.74921875 0.61484375 0.028125 0.178125
2 0.77734375 0.6171875 0.0296875 0.1875
2 0.8078125 0.61640625 0.0328125 0.178125
2 0.840625 0.62109375 0.03125 0.171875
2 0.87109375 0.61640625 0.028125 0.18046875
2 0.9203125 0.62109375 0.034375 0.18046875
2 0.95390625 0.61875 0.034375 0.18515625
2 0.98515625 0.61484375 0.0296875 0.1828125
2 0.9859375 0.35859375 0.028125 0.17578125
2 0.95390625 0.35703125 0.0359375 0.1734375
2 0.92109375 0.3578125 0.0328125 0.17578125
2 0.86484375 0.35703125 0.0390625 0.18515625
2 0.8265625 0.3578125 0.034375 0.178125
2 0.78671875 0.3625 0.0390625 0.171875
2 0.75234375 0.3609375 0.03125 0.1734375
2 0.68203125 0.3609375 0.034375 0.171875
2 0.64765625 0.3625 0.0375 0.17578125
2 0.6109375 0.35859375 0.034375 0.1671875
2 0.56640625 0.36015625 0.028125 0.16953125
2 0.58984375 0.36328125 0.02578125 0.1578125
2 0.5203125 0.3578125 0.028125 0.18046875
2 0.49296875 0.3578125 0.0296875 0.178125
2 0.4625 0.35703125 0.0328125 0.178125
2 0.43125 0.36015625 0.0328125 0.171875
2 0.40234375 0.36484375 0.0296875 0.171875
2 0.35390625 0.35234375 0.0328125 0.19375
2 0.3234375 0.35234375 0.02578125 0.19609375
2 0.2984375 0.3609375 0.02265625 0.171875
2 0.26796875 0.36015625 0.0375 0.171875
2 0.23203125 0.35859375 0.0328125 0.1734375
2 0.16484375 0.35859375 0.02578125 0.16953125
2 0.13515625 0.35703125 0.0390625 0.171875
2 0.08515625 0.35703125 0.0390625 0.1734375
2 0.04921875 0.35703125 0.03125 0.171875
2 0.103125 0.36015625 0.02265625 0.1734375
2 0.0078125 0.3546875 0.015625 0.1875
2 0.0078125 0.0984375 0.015625 0.178125
2 0.05078125 0.09921875 0.0390625 0.1734375
2 0.0875 0.09921875 0.0375 0.1734375
2 0.1296875 0.096875 0.0390625 0.1828125
2 0.16328125 0.09609375 0.028125 0.178125
2 0.2296875 0.10078125 0.034375 0.1734375
2 0.2640625 0.1015625 0.0359375 0.178125
2 0.2984375 0.1015625 0.03125 0.1734375
2 0.32890625 0.10234375 0.03125 0.17578125
2 0.35859375 0.10234375 0.02578125 0.17578125
2 0.4 0.1015625 0.0296875 0.18046875
2 0.4296875 0.1015625 0.0328125 0.1828125
2 0.47734375 0.1015625 0.03125 0.178125
2 0.49765625 0.10703125 0.02421875 0.1671875
2 0.521875 0.1015625 0.028125 0.1828125
2 0.56484375 0.09921875 0.03125 0.178125
2 0.5953125 0.10234375 0.03125 0.178125
2 0.6265625 0.10703125 0.0328125 0.1671875
2 0.6578125 0.10390625 0.03125 0.1734375
2 0.68984375 0.10390625 0.0328125 0.1734375
2 0.75625 0.1015625 0.0375 0.1734375
2 0.80078125 0.09921875 0.0359375 0.178125
2 0.8359375 0.10234375 0.034375 0.1734375
2 0.87265625 0.09375 0.034375 0.1875
2 0.9203125 0.096875 0.0296875 0.18046875
2 0.95390625 0.096875 0.034375 0.18515625
2 0.9890625 0.1015625 0.02109375 0.1734375