2 0.72578125 0.15234375 0.1515625 0.20859375
2 0.56484375 0.17109375 0.14296875 0.2
2 0.415625 0.1890625 0.153125 0.19453125
2 0.2609375 0.61328125 0.14453125 0.115625
2 0.221875 0.5796875 0.134375 0.115625
2 0.13203125 0.70625 0.125 0.1078125
2 0.08984375 0.74140625 0.1234375 0.1046875
2 0.23046875 0.8125 0.11640625 0.0953125
2 0.27421875 0.853125 0.13203125 0.1078125
2 0.47109375 0.9015625 0.20546875 0.0453125
2 0.5638888890625 0.8033333328125 0.5263888890625 0.8033333328125 0.522222221875 0.81444444375 0.527777778125 0.82 0.5638888890625 0.82 0.5694444437499999 0.81555555625 0.5638888890625 0.8033333328125
2 0.4390625 0.8125 0.1609375 0.046875
2 0.471875 0.72109375 0.20859375 0.046875
2 0.46171875 0.634375 0.209375 0.05078125
2 0.453125 0.55078125 0.20859375 0.053125
2 0.66640625 0.8296875 0.071875 0.21875
2 0.7421875 0.828125 0.065625 0.21640625
2 0.82421875 0.828125 0.0734375 0.21640625
2 0.9015625 0.83203125 0.071875 0.20859375