2 0.29296875 0.16484375 0.0734375 0.2265625
2 0.49140625 0.1609375 0.07109375 0.2359375
2 0.39140625 0.15859375 0.0734375 0.234375
2 0.59140625 0.1515625 0.08046875 0.26484375
2 0.7203125 0.65390625 0.0484375 0.31640625
2 0.77421875 0.640625 0.075 0.3234375
2 0.83828125 0.64375 0.06171875 0.30546875
2 0.196875 0.15703125 0.07578125 0.23359375
2 0.89453125 0.64375 0.06796875 0.290625
2 0.378125 0.70546875 0.03203125 0.29921875
2 0.3111111109375 0.7240740734375 0.30740740781250003 0.73148148125 0.3111111109375 0.828703703125 0.3129629625 0.8398148140625 0.31851851875000003 0.8462962968750001 0.3638888890625 0.852777778125 0.3620370375 0.728703703125 0.3638888890625 0.6731481484375 0.3703703703125 0.6518518515625 0.3574074078125 0.6361111109375 0.35648148125 0.5648148140625 0.3361111109375 0.5620370375 0.33055555625 0.5666666671875 0.33055555625 0.6351851859375001 0.3166666671875 0.652777778125 0.3120370375 0.66944444375 0.3111111109375 0.7240740734375
2 0.2638888890625 0.7212962968750001 0.2629629625 0.746296296875 0.2675925921875 0.75555555625 0.2629629625 0.76944444375 0.2666666671875 0.790740740625 0.26574074062499997 0.8268518515625001 0.26944444375 0.8361111109375001 0.2833333328125 0.8388888890624999 0.309259259375 0.8388888890624999 0.3129629625 0.8361111109375001 0.3148148140625 0.7666666671875 0.3120370375 0.7379629624999999 0.3148148140625 0.7129629625 0.3129629625 0.6583333328125 0.309259259375 0.64444444375 0.3111111109375 0.577777778125 0.29722222187499997 0.5759259265625001 0.2870370375 0.578703703125 0.28611111093749997 0.640740740625 0.26944444375 0.6666666671875 0.2666666671875 0.7175925921874999 0.2638888890625 0.7212962968750001
2 0.24453125 0.709375 0.04609375 0.253125
2 0.20703125 0.70078125 0.04921875 0.2546875
2 0.16640625 0.70546875 0.0453125 0.23125
2 0.94453125 0.6375 0.06015625 0.28671875