2 0.55 0.675 0.1109375 0.1375
2 0.553125 0.1265625 0.12421875 0.14375
2 0.4296875 0.1265625 0.12265625 0.14375
2 0.79296875 0.125 0.1125 0.14140625
2 0.665625 0.6734375 0.1109375 0.1328125
2 0.78046875 0.6703125 0.10625 0.1375
2 0.43515625 0.67734375 0.12109375 0.14375
2 0.3140625 0.125 0.1078125 0.14140625
2 0.3171875 0.67890625 0.11796875 0.14140625
2 0.66484375 0.4921875 0.11796875 0.13515625
2 0.6640625 0.853125 0.109375 0.1328125
2 0.4296875 0.496875 0.12109375 0.1390625
2 0.20390625 0.6796875 0.109375 0.14609375
2 0.0859375 0.6796875 0.11796875 0.15234375
2 0.31171875 0.49921875 0.1125 0.1375
2 0.67421875 0.12421875 0.12109375 0.15
2 0.4390625 0.85390625 0.1125 0.14375
2 0.7828125 0.4953125 0.1109375 0.1390625
2 0.55 0.49921875 0.11796875 0.14140625
2 0.55078125 0.85078125 0.10625 0.1390625
2 0.19140625 0.1265625 0.11796875 0.13515625
2 0.19609375 0.496875 0.11953125 0.1484375
2 0.07734375 0.49921875 0.12421875 0.1390625
2 0.8921875 0.66796875 0.1109375 0.13515625
2 0.32421875 0.85546875 0.1078125 0.13515625
2 0.7796875 0.8484375 0.115625 0.13046875
2 0.88984375 0.8453125 0.1109375 0.1375
2 0.89765625 0.49375 0.1140625 0.14609375
2 0.90546875 0.1234375 0.11953125 0.159375
2 0.7796875 0.315625 0.11796875 0.15703125
2 0.665625 0.315625 0.11796875 0.1609375
2 0.20859375 0.85390625 0.1109375 0.1328125
2 0.5484375 0.3140625 0.1140625 0.15703125
2 0.43046875 0.3171875 0.115625 0.16328125
2 0.0953125 0.85546875 0.1015625 0.13046875
2 0.0734375 0.13046875 0.12109375 0.16328125
2 0.3140625 0.315625 0.12109375 0.159375
2 0.19765625 0.3203125 0.12109375 0.159375
2 0.88125 0.9671875 0.103125 0.05703125
2 0.5515625 0.9734375 0.10625 0.053125
2 0.8953125 0.31171875 0.115625 0.15
2 0.43828125 0.975 0.1015625 0.05
2 0.965625 0.9703125 0.0671875 0.05859375
2 0.66171875 0.97265625 0.09453125 0.04765625
2 0.7703125 0.971875 0.1046875 0.05234375
2 0.021875 0.85625 0.04375 0.13515625
2 0.21328125 0.9734375 0.1015625 0.053125
2 0.325 0.975 0.1046875 0.04609375
2 0.07734375 0.31953125 0.115625 0.15234375
2 0.1015625 0.97421875 0.09765625 0.04765625
2 0.978125 0.3125 0.04375 0.15
2 0.98359375 0.1265625 0.0328125 0.1328125
2 0.975 0.6703125 0.05 0.125