2 0.05234375 0.32109375 0.1046875 0.5890625
2 0.16796875 0.29609375 0.1546875 0.5921875
2 0.2984375 0.2921875 0.11328125 0.55
2 0.39609375 0.315625 0.09609375 0.4734375
2 0.453125 0.3265625 0.0890625 0.41171875
2 0.55625 0.76328125 0.07421875 0.32578125
2 0.50859375 0.803125 0.08671875 0.3765625
2 0.4546875 0.81640625 0.090625 0.36640625
2 0.38671875 0.82890625 0.1109375 0.34140625
2 0.29375 0.84296875 0.14375 0.3140625
2 0.50859375 0.33359375 0.07890625 0.37421875
2 0.55859375 0.3421875 0.07578125 0.34296875
2 0.59765625 0.35234375 0.05625 0.3234375
2 0.69453125 0.4109375 0.03359375 0.18828125
2 0.590625 0.73984375 0.06015625 0.30234375
2 0.18515625 0.86796875 0.1296875 0.2640625