2 0.08515625 0.20859375 0.0390625 0.20625
2 0.19296875 0.2125 0.0359375 0.19921875
2 0.134375 0.2125 0.0359375 0.19921875
2 0.2890625 0.2203125 0.0296875 0.18203125
2 0.33671875 0.221875 0.0296875 0.1796875
2 0.31328125 0.22890625 0.02109375 0.165625
2 0.38046875 0.2203125 0.0296875 0.18203125
2 0.35859375 0.228125 0.02109375 0.16796875
2 0.49765625 0.2125 0.03125 0.19921875
2 0.534375 0.21015625 0.0296875 0.20390625
2 0.57734375 0.2125 0.028125 0.19921875
2 0.603125 0.2171875 0.0296875 0.19453125
2 0.69765625 0.21484375 0.0296875 0.19453125
2 0.7328125 0.2171875 0.03125 0.1890625
2 0.7734375 0.21796875 0.03125 0.18671875
2 0.79921875 0.21796875 0.02265625 0.18671875
2 0.89375 0.221875 0.0296875 0.184375
2 0.9453125 0.221875 0.03125 0.184375
2 0.9828125 0.22265625 0.02109375 0.18203125
2 0.92109375 0.2265625 0.02421875 0.175
2 0.9703125 0.47109375 0.0328125 0.175
2 0.93984375 0.47109375 0.0296875 0.175
2 0.91015625 0.47109375 0.0296875 0.175
2 0.875 0.47109375 0.028125 0.175
2 0.78125 0.45546875 0.0359375 0.20625
2 0.73359375 0.45546875 0.0328125 0.20625
2 0.690625 0.4546875 0.03125 0.20390625
2 0.57578125 0.45703125 0.0375 0.20390625
2 0.534375 0.45703125 0.0328125 0.20390625
2 0.4921875 0.45703125 0.0328125 0.20390625
2 0.3953125 0.46640625 0.0328125 0.184375
2 0.346875 0.46640625 0.0375 0.184375
2 0.29375 0.46640625 0.0390625 0.184375
2 0.20390625 0.46484375 0.02578125 0.18671875
2 0.16875 0.46484375 0.03125 0.18671875
2 0.12109375 0.46171875 0.0296875 0.19453125
2 0.096875 0.46484375 0.02421875 0.17734375
2 0.14921875 0.4640625 0.028125 0.1796875
2 0.090625 0.7 0.03125 0.196875
2 0.14765625 0.7078125 0.034375 0.18671875
2 0.19921875 0.7046875 0.0328125 0.18671875
2 0.31328125 0.70390625 0.03125 0.184375
2 0.3609375 0.7046875 0.0296875 0.18203125
2 0.38671875 0.69296875 0.028125 0.18203125
2 0.29375 0.69296875 0.02265625 0.18203125
2 0.3390625 0.69296875 0.02109375 0.18671875
2 0.49453125 0.69296875 0.03125 0.2015625
2 0.54375 0.696875 0.0296875 0.20390625
2 0.5890625 0.69921875 0.03125 0.20390625
2 0.67734375 0.7015625 0.034375 0.1890625
2 0.71171875 0.7015625 0.03125 0.1890625
2 0.74765625 0.7 0.03125 0.18671875
2 0.7859375 0.69921875 0.0359375 0.1890625
2 0.8828125 0.7078125 0.034375 0.18203125
2 0.9203125 0.70859375 0.0296875 0.184375
2 0.9546875 0.71015625 0.034375 0.18671875
2 0.9875 0.7109375 0.02421875 0.1890625
2 0.828125 0.88515625 0.0375 0.228125
2 0.78515625 0.91328125 0.03125 0.17265625
2 0.4703125 0.8859375 0.0328125 0.228125
2 0.67421875 0.45703125 0.02265625 0.2109375
2 0.71640625 0.4578125 0.01796875 0.20390625
2 0.7625 0.45546875 0.01953125 0.20625
2 0.66875 0.221875 0.02109375 0.1890625
2 0.8703125 0.22421875 0.01640625 0.18203125
2 0.1078125 0.2171875 0.01953125 0.1921875
2 0.1578125 0.2171875 0.02578125 0.1921875
2 0.11015625 0.69921875 0.028125 0.1921875
2 0.1671875 0.70234375 0.02421875 0.196875
2 0.67421875 0.9109375 0.03125 0.17734375
2 0.715625 0.9125 0.034375 0.17265625
2 0.74765625 0.9125 0.03125 0.175