2 0.4234375 0.41796875 0.034375 0.03984375
2 0.48515625 0.425 0.03125 0.0328125
2 0.51640625 0.42421875 0.02578125 0.03203125
2 0.5484375 0.4234375 0.0265625 0.03203125
2 0.578125 0.425 0.0265625 0.0359375
2 0.61015625 0.42421875 0.02578125 0.03046875
2 0.6109375 0.38828125 0.02890625 0.02890625
2 0.67109375 0.390625 0.03515625 0.0328125
2 0.70625 0.38984375 0.028125 0.0328125
2 0.7359375 0.42109375 0.0359375 0.03125
2 0.83203125 0.41484375 0.04921875 0.03203125
2 0.80078125 0.3875 0.03671875 0.028125
2 0.8296875 0.35390625 0.04609375 0.0328125
2 0.796875 0.35 0.0515625 0.03828125
2 0.76484375 0.3203125 0.040625 0.0328125
2 0.7375 0.35 0.034375 0.025
2 0.70078125 0.35234375 0.03828125 0.028125
2 0.796875 0.28515625 0.040625 0.034375
2 0.7984375 0.24921875 0.04140625 0.03671875
2 0.83203125 0.25 0.040625 0.03828125
2 0.83359375 0.28515625 0.03828125 0.0328125
2 0.63828125 0.2828125 0.0359375 0.04453125
2 0.671875 0.3203125 0.034375 0.03515625
2 0.6109375 0.253125 0.0265625 0.040625
2 0.57890625 0.2515625 0.028125 0.0390625
2 0.578125 0.2875 0.028125 0.0359375
2 0.57890625 0.32265625 0.03125 0.0359375
2 0.5484375 0.321875 0.02890625 0.0390625
2 0.48515625 0.3546875 0.028125 0.03515625
2 0.4859375 0.3875 0.025 0.03203125
2 0.42421875 0.35625 0.02578125 0.03515625
2 0.45390625 0.3171875 0.0265625 0.040625
2 0.4234375 0.31484375 0.028125 0.04296875
2 0.42421875 0.2515625 0.028125 0.040625
2 0.39375 0.2515625 0.02890625 0.03984375
2 0.39296875 0.2890625 0.028125 0.03984375
2 0.30546875 0.2625 0.11796875 0.03515625
2 0.29921875 0.290625 0.11171875 0.0265625
2 0.3 0.30703125 0.103125 0.02421875
2 0.30234375 0.36640625 0.10625 0.028125
2 0.2984375 0.39765625 0.10625 0.0265625
2 0.30234375 0.4125 0.10859375 0.01953125
2 0.2984375 0.45234375 0.109375 0.02421875
2 0.30625 0.46875 0.11328125 0.0234375
2 0.2984375 0.50078125 0.10546875 0.025
2 0.3015625 0.515625 0.1046875 0.02265625
2 0.30234375 0.56796875 0.1046875 0.034375
2 0.29921875 0.603125 0.1046875 0.02890625
2 0.18203125 0.6046875 0.115625 0.0328125
2 0.1859375 0.50546875 0.09921875 0.03125
2 0.18515625 0.46640625 0.10390625 0.028125
2 0.1828125 0.4046875 0.11640625 0.0390625
2 0.17421875 0.35 0.10859375 0.03515625
2 0.18203125 0.36796875 0.09921875 0.0234375
2 0.17421875 0.24765625 0.10703125 0.03046875
2 0.17890625 0.2671875 0.10390625 0.0265625