2 0.4953125 0.85625 0.11875 0.11640625
2 0.6703125 0.7125 0.07421875 0.08984375
2 0.840625 0.5390625 0.109375 0.08984375
2 0.65703125 0.54140625 0.08359375 0.0734375
2 0.6625 0.3671875 0.10859375 0.084375
2 0.571875 0.45625 0.11171875 0.0703125
2 0.496875 0.53671875 0.071875 0.071875
2 0.325 0.7015625 0.07421875 0.08359375
2 0.31875 0.540625 0.05625 0.059375
2 0.31953125 0.36640625 0.084375 0.06796875
2 0.49453125 0.3484375 0.1265625 0.09453125
2 0.496875 0.1953125 0.1 0.07421875
2 0.14609375 0.53671875 0.053125 0.0609375
2 0.4109375 0.4515625 0.11796875 0.07578125