2 0.30859375 0.42265625 0.0203125 0.04375
2 0.0109375 0.50546875 0.021875 0.0375
2 0.13046875 0.73515625 0.040625 0.1015625
2 0.67421875 0.74140625 0.0359375 0.09375
2 0.25859375 0.41171875 0.025 0.0703125
2 0.01640625 0.7390625 0.0328125 0.10625
2 0.2390625 0.41171875 0.028125 0.06875
2 0.21015625 0.409375 0.028125 0.0703125
2 0.03984375 0.41796875 0.04375 0.04375
2 0.1890625 0.41015625 0.0265625 0.0703125
2 0.12109375 0.41875 0.0390625 0.040625
2 0.871875 0.5265625 0.040625 0.04375
2 0.9140625 0.52734375 0.0484375 0.0453125
2 0.084375 0.4203125 0.040625 0.0390625
2 0.92109375 0.39609375 0.04375 0.1015625
2 0.540625 0.59921875 0.04375 0.1109375
2 0.9375 0.86953125 0.040625 0.109375
2 0.0171875 0.60703125 0.034375 0.1046875
2 0.959375 0.39375 0.040625 0.1078125
2 0.28125 0.41875 0.0265625 0.05625
2 0.64296875 0.73828125 0.0453125 0.1125
2 0.1640625 0.4125 0.028125 0.0625
2 0.5390625 0.74140625 0.040625 0.1109375
2 0.2796875 0.6078125 0.0375 0.1078125
2 0.35078125 0.60625 0.0390625 0.10625
2 0.2078125 0.60703125 0.0390625 0.1078125
2 0.70703125 0.746875 0.04375 0.09375
2 0.11796875 0.73984375 0.04375 0.10625
2 0.61171875 0.73984375 0.0453125 0.1125
2 0.971875 0.8734375 0.0453125 0.10625
2 0.0796875 0.74140625 0.0421875 0.1078125
2 0.03984375 0.86953125 0.040625 0.109375
2 0.17109375 0.6078125 0.0375 0.10625
2 0.04765625 0.7421875 0.04375 0.109375
2 0.2453125 0.6078125 0.0375 0.10625
2 0.42734375 0.6203125 0.040625 0.08125
2 0.58046875 0.60703125 0.0421875 0.1078125
2 0.90390625 0.87265625 0.0421875 0.1125
2 0.57421875 0.73828125 0.04375 0.115625
2 0.8640625 0.87265625 0.0421875 0.10625
2 0.31640625 0.60703125 0.0390625 0.1078125
2 0.3890625 0.61953125 0.04375 0.0828125
2 0.075 0.87109375 0.0421875 0.1046875
2 0.2859375 0.87109375 0.0390625 0.1078125
2 0.24765625 0.87109375 0.0375 0.10625
2 0.05 0.60859375 0.040625 0.10625
2 0.3234375 0.87265625 0.0390625 0.1046875
2 0.1171875 0.86953125 0.04375 0.1046875
2 0.465625 0.60546875 0.0390625 0.1109375
2 0.65546875 0.6171875 0.0390625 0.0859375
2 0.646875 0.87109375 0.040625 0.1046875
2 0.46328125 0.74296875 0.0390625 0.1015625
2 0.76328125 0.74765625 0.04375 0.0921875
2 0.98125 0.615625 0.034375 0.090625
2 0.50234375 0.73984375 0.040625 0.109375
2 0.80390625 0.7484375 0.0453125 0.090625
2 0.68515625 0.6171875 0.040625 0.0859375
2 0.21015625 0.87109375 0.0390625 0.1
2 0.8015625 0.609375 0.05 0.109375
2 0.128125 0.60703125 0.04375 0.1078125
2 0.61015625 0.87265625 0.0421875 0.1078125
2 0.85859375 0.61796875 0.04375 0.0890625
2 0.97890625 0.753125 0.0390625 0.090625
2 0.17109375 0.8703125 0.040625 0.0953125
2 0.50234375 0.603125 0.04375 0.1125
2 0.62265625 0.6171875 0.0359375 0.0859375
2 0.215625 0.753125 0.0359375 0.084375
2 0.1734375 0.75234375 0.0375 0.084375
2 0.90078125 0.61796875 0.0421875 0.0859375
2 0.5703125 0.8734375 0.0421875 0.1046875
2 0.68515625 0.87578125 0.04375 0.1
2 0.77734375 0.884375 0.0546875 0.0859375
2 0.3 0.753125 0.0390625 0.084375
2 0.2578125 0.75234375 0.040625 0.0859375
2 0.7328125 0.60703125 0.0515625 0.1109375
2 0.34296875 0.7484375 0.0421875 0.090625
2 0.0890625 0.60703125 0.04375 0.109375
2 0.73125 0.88125 0.0546875 0.0921875
2 0.82421875 0.88359375 0.05 0.084375
2 0.4265625 0.74765625 0.0421875 0.090625
2 0.859375 0.75234375 0.0484375 0.0890625
2 0.3859375 0.75 0.04375 0.0875
2 0.4875 0.875 0.040625 0.09375
2 0.36640625 0.8765625 0.0421875 0.096875
2 0.90390625 0.7515625 0.04375 0.090625
2 0.94296875 0.61796875 0.04375 0.0859375
2 0.9453125 0.753125 0.04375 0.090625
2 0.44765625 0.87734375 0.040625 0.0921875
2 0.40703125 0.87734375 0.040625 0.0953125
2 0.5265625 0.878125 0.040625 0.0921875
2 0.3375 0.42265625 0.03828125 0.0578125
2 0.3828125 0.4234375 0.0390625 0.05234375
2 0.42109375 0.425 0.03984375 0.05390625
2 0.45703125 0.425 0.0375 0.05234375
2 0.50546875 0.4203125 0.040625 0.06328125
2 0.5671875 0.41484375 0.046875 0.06875
2 0.6109375 0.41484375 0.046875 0.06796875
2 0.65859375 0.41484375 0.046875 0.06796875
2 0.79609375 0.39375 0.04921875 0.11484375
2 0.746875 0.3921875 0.05078125 0.11015625
2 0.7 0.39453125 0.04375 0.1109375
2 0.8765625 0.396875 0.0484375 0.10234375
2 0.98359375 0.521875 0.0328125 0.046875
2 0.07421875 0.5046875 0.0296875 0.040625
2 0.13203125 0.5046875 0.028125 0.03828125
2 0.09765625 0.5046875 0.02109375 0.040625
2 0.03671875 0.50546875 0.0328125 0.0375
2 0.009375 0.871875 0.01875 0.1