2 0.353125 0.0515625 0.0546875 0.0671875
2 0.728125 0.071875 0.040625 0.065625
2 0.6828125 0.06875 0.05 0.06875
2 0.51328125 0.6578125 0.04375 0.10625
2 0.11875 0.7 0.0578125 0.1265625
2 0.5390625 0.35859375 0.046875 0.1390625
2 0.44609375 0.2 0.046875 0.11875
2 0.08203125 0.35859375 0.059375 0.153125
2 0.36640625 0.19921875 0.0421875 0.11875
2 0.40234375 0.36484375 0.053125 0.1390625
2 0.31796875 0.52890625 0.053125 0.1328125
2 0.40625 0.20078125 0.046875 0.1125
2 0.31171875 0.365625 0.05 0.1359375
2 0.865625 0.07421875 0.03359375 0.0828125
2 0.48671875 0.20078125 0.0453125 0.11875
2 0.5328125 0.203125 0.0484375 0.1171875
2 0.328125 0.19921875 0.04375 0.1109375
2 0.60078125 0.6546875 0.04375 0.121875
2 0.6296875 0.06640625 0.0546875 0.0703125
2 0.38203125 0.67578125 0.05 0.128125
2 0.246875 0.53046875 0.05625 0.140625
2 0.7734375 0.509375 0.0484375 0.115625
2 0.16171875 0.2015625 0.06875 0.0984375
2 0.14609375 0.3625 0.0640625 0.146875
2 0.528125 0.0609375 0.0515625 0.0671875
2 0.5 0.3609375 0.03671875 0.1390625
2 0.55078125 0.5140625 0.0515625 0.1328125
2 0.6921875 0.65078125 0.046875 0.1140625
2 0.45234375 0.3625 0.053125 0.140625
2 0.728125 0.6484375 0.04375 0.1109375
2 0.1703125 0.696875 0.0625 0.1296875
2 0.503125 0.5171875 0.05 0.1328125
2 0.5609375 0.65703125 0.046875 0.125
2 0.4125 0.05390625 0.0515625 0.0703125
2 0.3640625 0.52578125 0.05 0.1359375
2 0.46796875 0.0578125 0.0578125 0.0703125
2 0.58828125 0.51171875 0.0546875 0.128125
2 0.64609375 0.65390625 0.046875 0.1171875
2 0.684375 0.50859375 0.05 0.1234375
2 0.7046875 0.8234375 0.10625 0.153125
2 0.13359375 0.53671875 0.0609375 0.15
2 0.63671875 0.5109375 0.053125 0.125
2 0.58515625 0.35625 0.059375 0.14375
2 0.1359375 0.040625 0.0609375 0.0765625
2 0.81171875 0.51015625 0.0515625 0.10625
2 0.39453125 0.85625 0.1046875 0.1828125
2 0.425 0.6734375 0.0515625 0.125
2 0.28515625 0.196875 0.05 0.109375
2 0.2859375 0.87109375 0.103125 0.175
2 0.26015625 0.36875 0.05625 0.1328125
2 0.57734375 0.065625 0.0484375 0.06875
2 0.3375 0.678125 0.0515625 0.13125
2 0.2828125 0.04453125 0.059375 0.075
2 0.73046875 0.5078125 0.0546875 0.121875
2 0.6921875 0.3671875 0.0515625 0.1078125
2 0.28046875 0.68359375 0.053125 0.128125
2 0.41328125 0.525 0.0515625 0.1328125
2 0.45859375 0.52109375 0.05 0.1328125
2 0.76796875 0.64453125 0.0453125 0.1109375
2 0.796875 0.81171875 0.1015625 0.1484375
2 0.7984375 0.36875 0.05 0.1015625
2 0.35703125 0.3640625 0.04765625 0.1421875
2 0.7421875 0.36640625 0.0484375 0.1046875
2 0.6015625 0.82578125 0.0984375 0.171875
2 0.47109375 0.66953125 0.0484375 0.1265625
2 0.2109375 0.04375 0.065625 0.0734375
2 0.50390625 0.8375 0.0984375 0.171875
2 0.21015625 0.36796875 0.0578125 0.1359375
2 0.16796875 0.88515625 0.1171875 0.178125
2 0.80859375 0.6421875 0.05 0.109375
2 0.23359375 0.690625 0.0578125 0.1296875
2 0.23125 0.1953125 0.0578125 0.1109375
2 0.82734375 0.0734375 0.0484375 0.0828125
2 0.63828125 0.35703125 0.05546875 0.1375
2 0.8515625 0.36796875 0.0515625 0.1
2 0.0890625 0.20234375 0.0671875 0.1015625
2 0.78046875 0.07109375 0.0515625 0.08125
2 0.05859375 0.9078125 0.1171875 0.184375
2 0.046875 0.5125 0.09375 0.15234375
2 0.8625 0.21796875 0.0515625 0.10078125
2 0.81171875 0.2078125 0.0546875 0.09921875
2 0.04609375 0.6984375 0.09140625 0.16953125