2 0.19296875 0.7546875 0.13984375 0.1296875
2 0.16796875 0.684375 0.15 0.11875
2 0.16015625 0.59375 0.14453125 0.0984375
2 0.1359375 0.50546875 0.165625 0.09140625
2 0.1109375 0.4078125 0.1859375 0.0734375
2 0.09453125 0.30859375 0.1890625 0.0609375
2 0.090625 0.19609375 0.18125 0.07421875
2 0.35078125 0.28359375 0.08671875 0.0375
2 0.24765625 0.296875 0.125 0.04609375
2 0.26640625 0.36953125 0.11328125 0.05
2 0.359375 0.35 0.08125 0.040625
2 0.28125 0.4453125 0.10390625 0.05703125
2 0.29140625 0.51640625 0.11328125 0.06953125
2 0.3734375 0.46953125 0.0734375 0.046875
2 0.4796875 0.3171875 0.040625 0.10234375