2 0.86171875 0.23125 0.27578125 0.228125
2 0.70703125 0.228125 0.184375 0.2109375
2 0.56328125 0.23515625 0.12578125 0.2203125
2 0.44140625 0.2390625 0.12421875 0.22265625
2 0.31015625 0.2265625 0.20234375 0.21328125
2 0.165625 0.2328125 0.2203125 0.20078125
2 0.13515625 0.57265625 0.08984375 0.125
2 0.2453125 0.5796875 0.08828125 0.13984375
2 0.37578125 0.584375 0.075 0.14453125
2 0.5125 0.58203125 0.05390625 0.13984375
2 0.6421875 0.5796875 0.06875 0.13984375
2 0.77265625 0.57109375 0.08515625 0.13203125