2 0.94296875 0.46171875 0.08671875 0.146875
2 0.95078125 0.12265625 0.09765625 0.1296875
2 0.46875 0.4140625 0.05078125 0.11484375
2 0.64375 0.43515625 0.065625 0.1203125
2 0.58203125 0.42734375 0.05703125 0.12265625
2 0.52421875 0.4203125 0.05546875 0.1203125
2 0.028125 0.1875 0.01953125 0.078125
2 0.08359375 0.93984375 0.0328125 0.08359375
2 0.85859375 0.4546875 0.0796875 0.13515625
2 0.78125 0.45078125 0.071875 0.12265625
2 0.7109375 0.44375 0.0671875 0.11796875
2 0.86875 0.1265625 0.08203125 0.13203125
2 0.78984375 0.12890625 0.0765625 0.12265625
2 0.71640625 0.13203125 0.071875 0.11796875
2 0.6484375 0.1375 0.0671875 0.11484375
2 0.58515625 0.13984375 0.06015625 0.11484375
2 0.528125 0.14375 0.05703125 0.1125
2 0.471875 0.14921875 0.05390625 0.10078125
2 0.946875 0.78828125 0.10625 0.16875
2 0.89765625 0.76328125 0.16484375 0.16875
2 0.82421875 0.7453125 0.16484375 0.16171875
2 0.7546875 0.73046875 0.16328125 0.15703125
2 0.690625 0.715625 0.16171875 0.15234375
2 0.63125 0.7 0.16171875 0.14921875
2 0.57421875 0.6859375 0.15859375 0.1375
2 0.52265625 0.66796875 0.15703125 0.125
2 0.625 0.94453125 0.15859375 0.11015625
2 0.56796875 0.9375 0.15546875 0.125
2 0.5171875 0.91796875 0.15234375 0.13515625
2 0.11328125 0.959375 0.028125 0.07578125
2 0.14140625 0.96953125 0.03125 0.0609375
2 0.3625 0.8875 0.04765625 0.09765625
2 0.31796875 0.86796875 0.0390625 0.090625
2 0.2796875 0.84921875 0.0375 0.08359375
2 0.240625 0.83359375 0.034375 0.08125
2 0.2078125 0.81484375 0.0328125 0.078125
2 0.1734375 0.80546875 0.0328125 0.078125
2 0.1421875 0.7890625 0.03125 0.08125
2 0.11171875 0.771875 0.0296875 0.078125
2 0.084375 0.7609375 0.0296875 0.07109375
2 0.03984375 0.91015625 0.02109375 0.05625
2 0.01953125 0.8984375 0.02265625 0.0609375
2 0.03515625 0.7375 0.01953125 0.0734375
2 0.01484375 0.72578125 0.02109375 0.06640625
2 0.31796875 0.6375 0.040625 0.0859375
2 0.278125 0.625 0.0375 0.0859375
2 0.2390625 0.61640625 0.0359375 0.08359375
2 0.2046875 0.60625 0.034375 0.078125
2 0.17109375 0.596875 0.0328125 0.078125
2 0.1390625 0.58828125 0.0296875 0.07578125
2 0.109375 0.5796875 0.0296875 0.07578125
2 0.08203125 0.57265625 0.0296875 0.07109375
2 0.03359375 0.55859375 0.02109375 0.06875
2 0.0140625 0.55234375 0.02421875 0.06875
2 0.359375 0.40546875 0.05234375 0.09765625
2 0.31328125 0.40078125 0.04375 0.090625
2 0.27265625 0.396875 0.0359375 0.0859375
2 0.23671875 0.39453125 0.0359375 0.08359375
2 0.20078125 0.390625 0.034375 0.078125
2 0.1671875 0.38828125 0.034375 0.078125
2 0.13515625 0.3859375 0.0328125 0.078125
2 0.10703125 0.38125 0.0296875 0.07578125
2 0.07890625 0.37734375 0.0296875 0.07578125
2 0.36328125 0.159375 0.04609375 0.0953125
2 0.31953125 0.16328125 0.0421875 0.0953125
2 0.27734375 0.165625 0.040625 0.08828125
2 0.23828125 0.16796875 0.0359375 0.090625
2 0.203125 0.171875 0.0359375 0.090625
2 0.17109375 0.1765625 0.034375 0.0859375
2 0.1375 0.17734375 0.03125 0.08125
2 0.10703125 0.18125 0.0296875 0.08359375
2 0.0796875 0.18359375 0.028125 0.08125
2 0.009375 0.1921875 0.01796875 0.0734375
2 0.0328125 0.37890625 0.01796875 0.07109375
2 0.01171875 0.37265625 0.02109375 0.0640625
2 0.3609375 0.646875 0.05078125 0.09296875