2 0.8734375 0.48125 0.0359375 0.0875
2 0.98515625 0.7375 0.028125 0.096875
2 0.890625 0.87734375 0.0453125 0.1078125
2 0.38359375 0.6078125 0.0375 0.0984375
2 0.51171875 0.609375 0.034375 0.0953125
2 0.34921875 0.60625 0.0359375 0.1
2 0.4140625 0.60859375 0.0375 0.0984375
2 0.834375 0.36015625 0.040625 0.084375
2 0.3890625 0.87890625 0.0734375 0.1328125
2 0.93515625 0.6203125 0.03125 0.08203125
2 0.67578125 0.4859375 0.0296875 0.071875
2 0.9578125 0.734375 0.0359375 0.0984375
2 0.44765625 0.35234375 0.034375 0.0859375
2 0.89296875 0.6234375 0.02421875 0.0734375
2 0.9109375 0.62265625 0.01640625 0.07578125
2 0.54296875 0.61015625 0.0375 0.096875
2 0.48203125 0.6078125 0.0359375 0.0953125
2 0.8171875 0.484375 0.0328125 0.0734375
2 0.9828125 0.6125 0.034375 0.0953125
2 0.44765625 0.60703125 0.040625 0.096875
2 0.84765625 0.88203125 0.059375 0.109375
2 0.46328125 0.88046875 0.0703125 0.1296875
2 0.86796875 0.73515625 0.040625 0.1046875
2 0.4125 0.35234375 0.034375 0.090625
2 0.97734375 0.48515625 0.034375 0.0890625
2 0.9015625 0.7359375 0.0390625 0.1015625
2 0.771875 0.35859375 0.0359375 0.084375
2 0.85390625 0.4796875 0.040625 0.0875
2 0.80078125 0.35859375 0.0359375 0.084375
2 0.7703125 0.6109375 0.03125 0.096875
2 0.80078125 0.6109375 0.03125 0.0953125
2 0.95625 0.61015625 0.02734375 0.096875
2 0.9546875 0.48359375 0.034375 0.090625
2 0.7515625 0.48671875 0.0390625 0.075
2 0.6140625 0.878125 0.075 0.1328125
2 0.65625 0.484375 0.03125 0.075
2 0.92421875 0.7359375 0.040625 0.1015625
2 0.86640625 0.621875 0.0296875 0.0734375
2 0.55546875 0.34921875 0.0359375 0.096875
2 0.65 0.35625 0.0375 0.0890625
2 0.83359375 0.61171875 0.034375 0.0953125
2 0.89453125 0.48203125 0.0359375 0.0890625
2 0.48984375 0.3484375 0.0359375 0.09765625
2 0.421875 0.74140625 0.05625 0.10625
2 0.925 0.48203125 0.0375 0.0890625
2 0.7 0.6140625 0.0453125 0.090625
2 0.7140625 0.4875 0.034375 0.0734375
2 0.65234375 0.61171875 0.046875 0.09375
2 0.5234375 0.35078125 0.034375 0.09375
2 0.73828125 0.35859375 0.040625 0.084375
2 0.3796875 0.35078125 0.0390625 0.09375
2 0.6921875 0.35625 0.040625 0.0890625
2 0.33828125 0.35 0.0359375 0.090625
2 0.6875 0.87734375 0.0765625 0.128125
2 0.73828125 0.6125 0.040625 0.0921875
2 0.6078125 0.35546875 0.04375 0.0890625
2 0.475 0.7375 0.0578125 0.10625
2 0.31171875 0.740625 0.0546875 0.1015625
2 0.584375 0.7390625 0.059375 0.10625
2 0.80625 0.74296875 0.05625 0.090625
2 0.52890625 0.7359375 0.059375 0.10625
2 0.36875 0.74140625 0.0546875 0.103125
2 0.78515625 0.48671875 0.04375 0.075
2 0.63828125 0.73984375 0.059375 0.10625
2 0.7484375 0.74296875 0.0578125 0.09375
2 0.69375 0.7421875 0.059375 0.1046875
2 0.51796875 0.4796875 0.034375 0.0796875
2 0.6171875 0.48046875 0.034375 0.0828125
2 0.584375 0.4796875 0.0359375 0.084375
2 0.77734375 0.87421875 0.0765625 0.13125
2 0.43828125 0.48359375 0.0375 0.071875
2 0.325 0.48203125 0.0390625 0.0734375
2 0.55078125 0.47890625 0.0359375 0.0828125
2 0.4875 0.47890625 0.034375 0.08125
2 0.4015625 0.48359375 0.0375 0.0734375
2 0.36328125 0.4828125 0.0375 0.0734375
2 0.31796875 0.61015625 0.034375 0.0984375
2 0.90859375 0.3890625 0.03125 0.0328125
2 0.940625 0.38671875 0.0296875 0.0421875
2 0.96953125 0.3875 0.03125 0.0390625
2 0.87734375 0.3875 0.03203125 0.03359375
2 0.6125 0.609375 0.034375 0.0984375
2 0.57734375 0.609375 0.03359375 0.0953125
2 0.9578125 0.88984375 0.075 0.1140625
2 0.54375 0.88046875 0.07421875 0.134375
2 0.30234375 0.88046875 0.08125 0.1359375