2 0.07421875 0.11875 0.1265625 0.10703125
2 0.0796875 0.25546875 0.1109375 0.071875
2 0.09140625 0.375 0.0953125 0.078125
2 0.09921875 0.49453125 0.08515625 0.10234375
2 0.1125 0.6 0.084375 0.11328125
2 0.11875 0.70625 0.08359375 0.13828125
2 0.1265625 0.7921875 0.07109375 0.1421875
2 0.14453125 0.50703125 0.05390625 0.07265625
2 0.134375 0.42421875 0.06328125 0.053125
2 0.17734375 0.3015625 0.04140625 0.10390625
2 0.21640625 0.3890625 0.03046875 0.03359375
2 0.246875 0.409375 0.03359375 0.040625
2 0.28671875 0.4890625 0.03671875 0.0328125
2 0.1984375 0.49296875 0.03828125 0.03125
2 0.1574074078125 0.4718518515625 0.171296296875 0.4829629625 0.18055555625 0.4711111109375 0.184259259375 0.4570370375 0.1703703703125 0.440740740625 0.1611111109375 0.439259259375 0.15370370312499998 0.44962962968750003 0.13888888906250002 0.459259259375 0.1425925921875 0.4711111109375 0.1518518515625 0.46962962968750005 0.1574074078125 0.4718518515625