2 0.25078125 0.25625 0.5015625 0.36015625
2 0.11015625 0.43515625 0.2203125 0.25703125
2 0.35390625 0.1984375 0.7078125 0.3140625
2 0.484375 0.153125 0.7078125 0.2671875
2 0.78515625 0.09765625 0.4078125 0.1953125
2 0.87890625 0.078125 0.2390625 0.15625
2 0.1609375 0.878125 0.321875 0.24375
2 0.3734375 0.8328125 0.640625 0.334375
2 0.51171875 0.74140625 0.6109375 0.33125
2 0.6453125 0.65546875 0.5328125 0.29140625
2 0.74921875 0.5859375 0.47890625 0.2546875
2 0.796875 0.51171875 0.40625 0.2015625
2 0.83984375 0.45078125 0.3203125 0.16640625
2 0.86796875 0.9140625 0.2640625 0.171875
2 0.909375 0.84921875 0.18125 0.1546875
2 0.8796875 0.40078125 0.23984375 0.125
2 0.68671875 0.125 0.48203125 0.22578125