2 0.56171875 0.490625 0.06875 0.209375
2 0.46171875 0.49609375 0.059375 0.20625
2 0.5984375 0.76015625 0.0765625 0.25625
2 0.65859375 0.48125 0.0734375 0.2125
2 0.34765625 0.75703125 0.0625 0.253125
2 0.69140625 0.74453125 0.090625 0.271875
2 0.37890625 0.50078125 0.053125 0.2078125
2 0.52109375 0.75234375 0.065625 0.26875
2 0.44296875 0.75390625 0.0703125 0.2640625
2 0.63203125 0.23828125 0.0671875 0.1859375
2 0.55703125 0.246875 0.0609375 0.16875
2 0.49375 0.24375 0.059375 0.1875
2 0.434375 0.253125 0.053125 0.1828125
2 0.36484375 0.26328125 0.05625 0.1828125
2 0.6109375 0.07890625 0.0609375 0.1328125
2 0.4875 0.0828125 0.059375 0.14375
2 0.37421875 0.0890625 0.0625 0.159375