2 0.9046875 0.06484375 0.13984375 0.1015625
2 0.89453125 0.165625 0.1375 0.09296875
2 0.89921875 0.27421875 0.15703125 0.1078125
2 0.89921875 0.375 0.15703125 0.10625
2 0.903125 0.46953125 0.1546875 0.1
2 0.89609375 0.565625 0.159375 0.078125
2 0.89609375 0.67578125 0.159375 0.08984375
2 0.90234375 0.7703125 0.15234375 0.1
2 0.890625 0.87265625 0.14453125 0.09453125
2 0.903125 0.9609375 0.14921875 0.078125
2 0.63359375 0.04375 0.1640625 0.0875
2 0.63359375 0.15078125 0.14453125 0.08984375
2 0.07734375 0.06640625 0.12265625 0.09296875
2 0.07734375 0.165625 0.125 0.08671875
2 0.07734375 0.26640625 0.125 0.09453125
2 0.078125 0.36796875 0.12265625 0.09140625
2 0.07578125 0.46171875 0.13203125 0.09296875
2 0.07734375 0.559375 0.1296875 0.08984375
2 0.07578125 0.6546875 0.13203125 0.09609375
2 0.08359375 0.7453125 0.12734375 0.11796875
2 0.08125 0.84375 0.12265625 0.11953125
2 0.07265625 0.940625 0.1203125 0.11875
2 0.2671875 0.06796875 0.12265625 0.1
2 0.20833333281250002 0.151960784375 0.20588235312499997 0.151960784375 0.20588235312499997 0.17320261406249998 0.215686275 0.187908496875 0.2205882359375 0.20424836562499998 0.2279411765625 0.2107843140625 0.28676470625 0.20915032656250002 0.28676470625 0.2107843140625 0.3063725484375 0.2107843140625 0.30882352968750004 0.187908496875 0.32107843125 0.187908496875 0.330882353125 0.18464052343749998 0.328431371875 0.1307189546875 0.311274509375 0.12418300625 0.242647059375 0.12418300625 0.242647059375 0.12581699375 0.23039215624999998 0.12581699375 0.2205882359375 0.1290849671875 0.21323529375 0.133986928125 0.20833333281250002 0.151960784375
2 0.2671875 0.2515625 0.12734375 0.08203125
2 0.2671875 0.35703125 0.13203125 0.08984375
2 0.2671875 0.44609375 0.12734375 0.08828125
2 0.265625 0.55234375 0.13515625 0.08828125
2 0.265625 0.6484375 0.13515625 0.1078125
2 0.265625 0.75078125 0.125 0.103125
2 0.26328125 0.853125 0.1203125 0.1078125
2 0.2546875 0.95078125 0.1078125 0.09765625
2 0.44140625 0.046875 0.103125 0.06875
2 0.44609375 0.15 0.10078125 0.0640625
2 0.44375 0.25234375 0.10546875 0.0703125
2 0.44140625 0.35546875 0.10546875 0.0671875
2 0.44140625 0.45859375 0.1078125 0.06171875
2 0.44140625 0.55 0.12734375 0.09296875
2 0.4484375 0.65078125 0.13203125 0.1
2 0.44765625 0.7515625 0.13984375 0.09453125
2 0.44609375 0.85078125 0.12734375 0.103125
2 0.44140625 0.95078125 0.1125 0.09765625
2 0.63828125 0.8546875 0.125 0.1046875
2 0.62734375 0.75078125 0.1375 0.103125
2 0.6296875 0.65390625 0.1375 0.09140625
2 0.63125 0.55078125 0.13515625 0.1015625
2 0.63125 0.45234375 0.13984375 0.09140625
2 0.6375 0.35390625 0.15234375 0.08671875
2 0.6296875 0.25546875 0.146875 0.103125
2 0.6265625 0.9546875 0.146875 0.08984375