2 0.8859375 0.3375 0.03125 0.0671875
2 0.79609375 0.45625 0.040625 0.0875
2 0.76953125 0.22265625 0.03125 0.0578125
2 0.66875 0.32578125 0.0421875 0.0828125
2 0.96484375 0.58828125 0.0453125 0.121875
2 0.315625 0.44375 0.0421875 0.109375
2 0.26171875 0.33125 0.0734375 0.08125
2 0.83203125 0.45703125 0.0515625 0.08125
2 0.56796875 0.721875 0.071875 0.096875
2 0.65 0.44609375 0.040625 0.1078125
2 0.89140625 0.58984375 0.0390625 0.1140625
2 0.36484375 0.86640625 0.0703125 0.1359375
2 0.88515625 0.45859375 0.053125 0.084375
2 0.97578125 0.446875 0.0453125 0.1171875
2 0.6421875 0.721875 0.0765625 0.1015625
2 0.984375 0.2125 0.028125 0.084375
2 0.92109375 0.58515625 0.053125 0.1203125
2 0.43828125 0.72109375 0.0671875 0.1015625
2 0.29140625 0.865625 0.0796875 0.1375
2 0.57421875 0.44375 0.0421875 0.1140625
2 0.6125 0.446875 0.0421875 0.109375
2 0.940625 0.44296875 0.0515625 0.1171875
2 0.72109375 0.45 0.040625 0.1046875
2 0.68203125 0.44921875 0.040625 0.1046875
2 0.603125 0.20390625 0.04375 0.090625
2 0.61953125 0.59375 0.04375 0.0953125
2 0.38046875 0.721875 0.0578125 0.1015625
2 0.90546875 0.33359375 0.034375 0.071875
2 0.54296875 0.590625 0.0421875 0.1078125
2 0.56796875 0.32421875 0.05 0.090625
2 0.85703125 0.5875 0.04375 0.1171875
2 0.52109375 0.32265625 0.0390625 0.09375
2 0.846875 0.2203125 0.0375 0.0640625
2 0.75546875 0.45 0.0375 0.1015625
2 0.33359375 0.5875 0.046875 0.1125
2 0.6515625 0.5953125 0.0421875 0.0921875
2 0.95703125 0.2125 0.0375 0.0859375
2 0.2875 0.59140625 0.046875 0.109375
2 0.5046875 0.5875 0.0453125 0.1125
2 0.94765625 0.32421875 0.0375 0.09375
2 0.84453125 0.3390625 0.04375 0.0671875
2 0.98046875 0.325 0.0359375 0.090625
2 0.7859375 0.34140625 0.0453125 0.0640625
2 0.35703125 0.44609375 0.046875 0.1078125
2 0.3734375 0.5875 0.0484375 0.109375
2 0.4875 0.44765625 0.040625 0.1046875
2 0.64375 0.20390625 0.04375 0.0953125
2 0.4078125 0.58984375 0.0453125 0.109375
2 0.63828125 0.32109375 0.0578125 0.09375
2 0.27109375 0.44375 0.0515625 0.109375
2 0.68828125 0.203125 0.046875 0.0953125
2 0.57578125 0.590625 0.0421875 0.1078125
2 0.81875 0.59609375 0.040625 0.103125
2 0.73984375 0.22265625 0.0484375 0.059375
2 0.528125 0.446875 0.04375 0.1078125
2 0.334375 0.32265625 0.0484375 0.09375
2 0.73828125 0.3421875 0.0421875 0.065625
2 0.403125 0.44609375 0.0453125 0.10625
2 0.4453125 0.4453125 0.04375 0.1078125
2 0.315625 0.72109375 0.065625 0.103125
2 0.25 0.58671875 0.04375 0.1171875
2 0.803125 0.2234375 0.0390625 0.059375
2 0.69765625 0.340625 0.0390625 0.0625
2 0.46015625 0.20390625 0.0390625 0.0859375
2 0.2484375 0.7234375 0.0640625 0.103125
2 0.38046875 0.321875 0.0453125 0.09375
2 0.45625 0.58828125 0.046875 0.109375
2 0.3015625 0.21484375 0.0484375 0.0703125
2 0.43125 0.321875 0.0390625 0.0953125
2 0.4203125 0.203125 0.0390625 0.09375
2 0.78125 0.5953125 0.04375 0.103125
2 0.47578125 0.3234375 0.0484375 0.09375
2 0.346875 0.2046875 0.0375 0.0953125
2 0.38359375 0.203125 0.0390625 0.096875
2 0.73828125 0.59375 0.0421875 0.103125
2 0.2515625 0.21640625 0.0453125 0.06875
2 0.69453125 0.59609375 0.0421875 0.096875
2 0.88125 0.22109375 0.0296875 0.0640625
2 0.91171875 0.221875 0.0328125 0.065625
2 0.80625 0.8671875 0.0921875 0.140625
2 0.72265625 0.8671875 0.08671875 0.13125
2 0.640625 0.8671875 0.0828125 0.13203125
2 0.56171875 0.8625 0.0828125 0.1265625
2 0.47734375 0.86796875 0.0890625 0.13515625
2 0.5046875 0.7265625 0.06484375 0.1046875
2 0.71953125 0.725 0.078125 0.09765625
2 0.79609375 0.7234375 0.0796875 0.1
2 0.865625 0.72109375 0.0578125 0.10078125
2 0.9640625 0.715625 0.06015625 0.08203125
2 0.984375 0.72578125 0.03125 0.0921875