2 0.8203125 0.3515625 0.2765625 0.05
2 0.81328125 0.51640625 0.27109375 0.05
2 0.509375 0.3546875 0.26640625 0.0515625
2 0.8171875 0.43671875 0.2734375 0.0515625
2 0.82421875 0.2609375 0.28125 0.04921875
2 0.81171875 0.596875 0.26796875 0.05078125
2 0.228125 0.67578125 0.2578125 0.053125
2 0.20859375 0.35390625 0.271875 0.04921875
2 0.21796875 0.51953125 0.265625 0.05
2 0.8296875 0.07890625 0.2890625 0.05859375
2 0.2484375 0.96328125 0.24296875 0.05390625
2 0.5140625 0.5203125 0.2578125 0.0515625
2 0.50703125 0.084375 0.27890625 0.05234375
2 0.5078125 0.1765625 0.27578125 0.05
2 0.20234375 0.26875 0.27578125 0.04765625
2 0.225 0.6 0.25859375 0.0515625
2 0.80703125 0.7546875 0.25859375 0.05234375
2 0.5125 0.43984375 0.26328125 0.05
2 0.803125 0.8296875 0.2546875 0.05390625
2 0.18828125 0.08984375 0.284375 0.05
2 0.5140625 0.6 0.2578125 0.05
2 0.2421875 0.89453125 0.246875 0.05390625
2 0.51640625 0.6765625 0.2546875 0.05
2 0.82734375 0.1703125 0.28359375 0.05234375
2 0.23671875 0.825 0.24921875 0.05234375
2 0.8078125 0.678125 0.2625 0.05234375
2 0.21328125 0.43828125 0.27109375 0.04765625
2 0.51640625 0.753125 0.25234375 0.05234375
2 0.80078125 0.90234375 0.2546875 0.05703125
2 0.79921875 0.971875 0.25078125 0.05625
2 0.5203125 0.96796875 0.2421875 0.05859375
2 0.51875 0.89765625 0.2453125 0.05234375
2 0.50859375 0.26640625 0.271875 0.053125
2 0.23359375 0.753125 0.25078125 0.053125
2 0.51640625 0.8265625 0.246875 0.05234375
2 0.19375 0.18125 0.2859375 0.0515625