2 0.03359375 0.82578125 0.06640625 0.26796875
2 0.14375 0.79296875 0.09140625 0.25859375
2 0.2640625 0.76015625 0.0734375 0.23203125
2 0.440625 0.7046875 0.06484375 0.1890625
2 0.509375 0.6828125 0.06015625 0.178125
2 0.5640625 0.67109375 0.05625 0.178125
2 0.6140625 0.653125 0.05625 0.1671875
2 0.28671875 0.453125 0.0703125 0.2328125
2 0.35546875 0.4546875 0.06328125 0.21171875
2 0.41875 0.45390625 0.07109375 0.19921875
2 0.478125 0.45234375 0.04453125 0.1875
2 0.54140625 0.45 0.0515625 0.17421875
2 0.5796875 0.45 0.0390625 0.16875
2 0.62578125 0.45078125 0.04140625 0.1546875
2 0.215625 0.11640625 0.0875 0.2328125
2 0.30234375 0.13828125 0.08828125 0.225
2 0.39765625 0.16640625 0.084375 0.20703125
2 0.471875 0.1859375 0.07109375 0.18671875
2 0.58203125 0.21875 0.06015625 0.16875
2 0.0828125 0.10625 0.11015625 0.21171875
2 0.76640625 0.615625 0.0265625 0.109375
2 0.784375 0.60859375 0.02109375 0.1046875
2 0.39609375 0.925 0.0578125 0.15
2 0.3390625 0.9375 0.05703125 0.12421875
2 0.7140625 0.25625 0.040625 0.14453125
2 0.70859375 0.45 0.0453125 0.13984375
2 0.740625 0.44921875 0.03515625 0.13125
2 0.790625 0.1078125 0.03359375 0.12265625
2 0.8234375 0.13046875 0.0390625 0.11484375
2 0.76640625 0.4484375 0.025 0.12421875
2 0.740625 0.2625 0.03515625 0.1390625
2 0.0375 0.45625 0.075 0.284375
2 0.7609375 0.08515625 0.03125 0.125
2 0.7296875 0.06875 0.03125 0.1375
2 0.85234375 0.1453125 0.0265625 0.1078125
2 0.871875 0.309375 0.025 0.10625
2 0.79453125 0.4421875 0.03515625 0.125
2 0.840625 0.4453125 0.0296875 0.10703125
2 0.81484375 0.44765625 0.025 0.11640625
2 0.74375 0.60859375 0.0265625 0.14140625
2 0.71796875 0.61953125 0.028125 0.1390625
2 0.6890625 0.628125 0.028125 0.15
2 0.8234375 0.5875 0.02890625 0.10859375
2 0.84921875 0.58046875 0.025 0.11015625