2 0.56953125 0.6265625 0.03828125 0.06484375
2 0.5328125 0.6265625 0.03828125 0.06484375
2 0.49453125 0.6265625 0.03671875 0.06171875
2 0.459375 0.62578125 0.03203125 0.0609375
2 0.5296875 0.54609375 0.0390625 0.065625
2 0.49296875 0.54453125 0.0359375 0.065625
2 0.603125 0.4671875 0.04140625 0.06171875
2 0.5671875 0.46484375 0.03984375 0.0609375
2 0.53125 0.46484375 0.0390625 0.0609375
2 0.49453125 0.4640625 0.0390625 0.05859375
2 0.4984375 0.3890625 0.03515625 0.05390625
2 0.46328125 0.3875 0.03515625 0.05234375