2 0.30625 0.18125 0.0375 0.1796875
2 0.98203125 0.19453125 0.034375 0.1828125
2 0.3390625 0.1828125 0.0359375 0.178125
2 0.78046875 0.4765625 0.0546875 0.1625
2 0.26015625 0.65625 0.0390625 0.1828125
2 0.07578125 0.6375 0.0484375 0.1671875
2 0.3140625 0.42890625 0.0390625 0.1796875
2 0.19921875 0.421875 0.0390625 0.1765625
2 0.03828125 0.64140625 0.046875 0.1765625
2 0.896875 0.2109375 0.0515625 0.1484375
2 0.13046875 0.41796875 0.040625 0.178125
2 0.05625 0.8765625 0.0703125 0.1875
2 0.28828125 0.17578125 0.0453125 0.1921875
2 0.2671875 0.90390625 0.0640625 0.16875
2 0.4609375 0.6734375 0.0484375 0.18125
2 0.1125 0.64375 0.0421875 0.1671875
2 0.4375 0.91640625 0.0578125 0.1625
2 0.365625 0.18046875 0.0375 0.184375
2 0.18125 0.6484375 0.0453125 0.171875
2 0.21953125 0.6515625 0.04375 0.184375
2 0.71171875 0.2234375 0.065625 0.1265625
2 0.3421875 0.4359375 0.0359375 0.1828125
2 0.7296875 0.46640625 0.0515625 0.1640625
2 0.165625 0.42109375 0.04375 0.1734375
2 0.16171875 0.17578125 0.04375 0.2
2 0.9375 0.21328125 0.0546875 0.1484375
2 0.25 0.1765625 0.04375 0.19375
2 0.38046875 0.6625 0.0390625 0.184375
2 0.3265625 0.90703125 0.0578125 0.1703125
2 0.21484375 0.8984375 0.065625 0.1640625
2 0.525 0.4390625 0.04375 0.1875
2 0.34453125 0.659375 0.040625 0.1875
2 0.13671875 0.175 0.046875 0.196875
2 0.67109375 0.45859375 0.05625 0.165625
2 0.103125 0.4171875 0.0421875 0.1796875
2 0.146875 0.64765625 0.0421875 0.16875
2 0.44921875 0.4421875 0.0375 0.1796875
2 0.11328125 0.87890625 0.0609375 0.1828125
2 0.37578125 0.43671875 0.0375 0.184375
2 0.11015625 0.17578125 0.046875 0.19375
2 0.29375 0.65703125 0.046875 0.190625
2 0.20546875 0.1765625 0.0421875 0.1984375
2 0.484375 0.4421875 0.0390625 0.18125
2 0.57265625 0.43984375 0.05 0.190625
2 0.4015625 0.1796875 0.0390625 0.19375
2 0.62421875 0.4484375 0.053125 0.1796875
2 0.41875 0.66796875 0.0453125 0.18125
2 0.4375 0.18203125 0.0390625 0.19375
2 0.28984375 0.4296875 0.0390625 0.178125
2 0.021875 0.16796875 0.04375 0.1953125
2 0.16171875 0.89140625 0.05625 0.175
2 0.06953125 0.415625 0.046875 0.1796875
2 0.409375 0.44375 0.0375 0.1765625
2 0.3828125 0.91171875 0.0609375 0.165625
2 0.4765625 0.18046875 0.04375 0.2015625
2 0.021875 0.41640625 0.04375 0.1796875
2 0.06484375 0.17265625 0.0484375 0.2
2 0.0140625 0.64453125 0.028125 0.165625
2 0.02265625 0.87265625 0.04375 0.165625
2 0.9578125 0.70625 0.084375 0.190625
2 0.5265625 0.940625 0.0625 0.11875
2 0.6 0.9390625 0.06796875 0.1203125
2 0.6796875 0.94375 0.0734375 0.1125
2 0.76015625 0.946875 0.07421875 0.10546875
2 0.84140625 0.95390625 0.0734375 0.0921875