2 0.32421875 0.22421875 0.1359375 0.2328125
2 0.40234375 0.18984375 0.23984375 0.2671875
2 0.5171875 0.18671875 0.27578125 0.26953125
2 0.63828125 0.17734375 0.26953125 0.2625
2 0.75546875 0.1640625 0.26953125 0.26015625
2 0.76640625 0.4640625 0.26015625 0.2734375
2 0.64140625 0.47265625 0.26953125 0.26953125
2 0.5203125 0.48671875 0.253125 0.26953125
2 0.415625 0.49765625 0.2125 0.278125
2 0.3234375 0.52734375 0.1375 0.24921875
2 0.325 0.83828125 0.1359375 0.253125
2 0.40078125 0.80625 0.2453125 0.28515625
2 0.53046875 0.790625 0.23515625 0.2671875
2 0.65390625 0.78046875 0.23828125 0.27578125
2 0.7578125 0.7609375 0.2578125 0.25546875