2 0.28125 0.515625 0.0953125 0.15
2 0.090625 0.51328125 0.1015625 0.15625
2 0.1890625 0.71171875 0.1078125 0.1625
2 0.09375 0.89296875 0.1203125 0.1671875
2 0.18671875 0.321875 0.1171875 0.165625
2 0.28828125 0.703125 0.0953125 0.159375
2 0.49375 0.69140625 0.0953125 0.165625
2 0.20546875 0.89609375 0.1078125 0.16875
2 0.18203125 0.51484375 0.103125 0.1546875
2 0.08046875 0.3203125 0.10625 0.1625
2 0.39765625 0.6859375 0.0953125 0.1625
2 0.375 0.51796875 0.090625 0.153125
2 0.80546875 0.51328125 0.1171875 0.16875
2 0.69296875 0.69296875 0.0984375 0.1609375
2 0.30546875 0.89140625 0.09375 0.1640625
2 0.06796875 0.10859375 0.1109375 0.1703125
2 0.68203125 0.88125 0.0984375 0.1609375
2 0.5890625 0.69296875 0.1 0.165625
2 0.5953125 0.5265625 0.0953125 0.1328125
2 0.30703125 0.32265625 0.103125 0.1703125
2 0.4078125 0.12109375 0.0984375 0.1640625
2 0.6109375 0.32890625 0.1046875 0.165625
2 0.784375 0.69296875 0.096875 0.1578125
2 0.78125 0.88359375 0.10625 0.165625
2 0.41015625 0.3265625 0.096875 0.1703125
2 0.69921875 0.5140625 0.1109375 0.171875
2 0.175 0.1125 0.1109375 0.175
2 0.49375 0.5234375 0.103125 0.140625
2 0.290625 0.115625 0.1109375 0.1765625
2 0.8125 0.12421875 0.1125 0.1640625
2 0.4015625 0.8828125 0.09375 0.1671875
2 0.06953125 0.71328125 0.1140625 0.1609375
2 0.50234375 0.1171875 0.1015625 0.178125
2 0.60546875 0.11875 0.103125 0.1796875
2 0.4984375 0.87890625 0.090625 0.1609375
2 0.81875 0.3296875 0.1109375 0.1796875
2 0.7140625 0.32578125 0.1078125 0.1734375
2 0.5859375 0.87734375 0.096875 0.1625
2 0.70234375 0.12734375 0.109375 0.1625
2 0.51484375 0.32578125 0.1046875 0.165625