2 0.26875 0.590625 0.0359375 0.11875
2 0.25234375 0.2796875 0.028125 0.1171875
2 0.29296875 0.74296875 0.0296875 0.1296875
2 0.51953125 0.43359375 0.0328125 0.1171875
2 0.659375 0.584375 0.034375 0.1203125
2 0.728125 0.73046875 0.0328125 0.1453125
2 0.65390625 0.8984375 0.0328125 0.1296875
2 0.4390625 0.28125 0.034375 0.109375
2 0.590625 0.5828125 0.0296875 0.1234375
2 0.35546875 0.74296875 0.028125 0.1265625
2 0.68984375 0.58046875 0.0296875 0.1265625
2 0.5265625 0.58125 0.0296875 0.1265625
2 0.26875 0.43828125 0.0359375 0.1171875
2 0.43125 0.5875 0.0359375 0.115625
2 0.465625 0.5859375 0.034375 0.11875
2 0.534375 0.27890625 0.0328125 0.1015625
2 0.4171875 0.740625 0.0296875 0.1265625
2 0.50703125 0.1359375 0.0328125 0.0984375
2 0.36796875 0.58359375 0.0359375 0.125
2 0.325 0.896875 0.03125 0.1328125
2 0.47578125 0.13046875 0.034375 0.096875
2 0.571875 0.73828125 0.0296875 0.13125
2 0.49609375 0.58359375 0.03125 0.121875
2 0.5421875 0.73984375 0.03125 0.1296875
2 0.66875 0.43046875 0.0328125 0.11875
2 0.56015625 0.58203125 0.034375 0.121875
2 0.50078125 0.28125 0.0328125 0.103125
2 0.34765625 0.2796875 0.0328125 0.1171875
2 0.603125 0.13125 0.0328125 0.0984375
2 0.72109375 0.271875 0.028125 0.1125
2 0.35859375 0.13671875 0.0328125 0.109375
2 0.2609375 0.74140625 0.034375 0.1296875
2 0.55078125 0.43203125 0.0296875 0.11875
2 0.62578125 0.5875 0.0359375 0.1109375
2 0.6546875 0.27421875 0.028125 0.1171875
2 0.53984375 0.13203125 0.0296875 0.109375
2 0.375 0.28125 0.028125 0.109375
2 0.4 0.58515625 0.034375 0.11875
2 0.47109375 0.28046875 0.03125 0.1109375
2 0.5796875 0.43359375 0.03125 0.1125
2 0.28125 0.28046875 0.03125 0.11875
2 0.63359375 0.73515625 0.0328125 0.1375
2 0.66328125 0.12578125 0.0296875 0.1140625
2 0.56796875 0.278125 0.0328125 0.103125
2 0.41796875 0.89921875 0.03125 0.128125
2 0.36484375 0.4359375 0.028125 0.1171875
2 0.4421875 0.13828125 0.028125 0.096875
2 0.5171875 0.89921875 0.0328125 0.1328125
2 0.60234375 0.7390625 0.0328125 0.13125
2 0.415625 0.13671875 0.03125 0.1015625
2 0.26171875 0.13203125 0.0296875 0.1140625
2 0.47890625 0.73671875 0.028125 0.128125
2 0.35625 0.89765625 0.0296875 0.1296875
2 0.40859375 0.28125 0.034375 0.109375
2 0.72421875 0.57734375 0.03125 0.1328125
2 0.31328125 0.2796875 0.0296875 0.1171875
2 0.3046875 0.44921875 0.028125 0.0921875
2 0.55390625 0.89609375 0.0375 0.1375
2 0.296875 0.13125 0.0296875 0.1140625
2 0.29453125 0.89765625 0.03125 0.1296875
2 0.696875 0.128125 0.0328125 0.115625
2 0.6859375 0.27109375 0.028125 0.1171875
2 0.42421875 0.43671875 0.03125 0.1140625
2 0.484375 0.89921875 0.03125 0.128125
2 0.45 0.7375 0.0296875 0.1265625
2 0.696875 0.73828125 0.03125 0.13125
2 0.68828125 0.9 0.0359375 0.128125
2 0.39453125 0.43515625 0.03125 0.1171875
2 0.3859375 0.8984375 0.03125 0.1296875
2 0.5765625 0.1328125 0.034375 0.103125
2 0.59921875 0.2765625 0.03125 0.109375
2 0.3359375 0.58828125 0.034375 0.1171875
2 0.38515625 0.7421875 0.0296875 0.125
2 0.61171875 0.43203125 0.03125 0.115625
2 0.63359375 0.12578125 0.03125 0.1046875
2 0.3859375 0.1359375 0.0328125 0.103125
2 0.62578125 0.27578125 0.028125 0.10625
2 0.621875 0.9015625 0.0296875 0.1265625
2 0.5109375 0.74140625 0.0296875 0.125
2 0.30234375 0.5875 0.0296875 0.115625
2 0.32421875 0.74296875 0.034375 0.1265625
2 0.45546875 0.43359375 0.03125 0.11875
2 0.6390625 0.4328125 0.0265625 0.115625
2 0.728125 0.13125 0.0296875 0.11875
2 0.48671875 0.43046875 0.03125 0.121875
2 0.665625 0.7390625 0.0328125 0.128125
2 0.7328125 0.42734375 0.034375 0.1203125
2 0.7 0.4296875 0.0296875 0.11875
2 0.45078125 0.89609375 0.0359375 0.1359375
2 0.3359375 0.4484375 0.03125 0.090625