2 0.9453125 0.73046875 0.04609375 0.26171875
2 0.90546875 0.7484375 0.046875 0.27421875
2 0.86328125 0.771875 0.05703125 0.2859375
2 0.825 0.79609375 0.05546875 0.30390625
2 0.77578125 0.825 0.0640625 0.3203125
2 0.93203125 0.39296875 0.0515625 0.30859375
2 0.89765625 0.403125 0.05625 0.32890625
2 0.859375 0.40703125 0.05546875 0.33984375
2 0.8078125 0.41640625 0.0640625 0.359375
2 0.75703125 0.4265625 0.06484375 0.38203125
2 0.53203125 0.48359375 0.0984375 0.41953125
2 0.4515625 0.50078125 0.10859375 0.44921875
2 0.353125 0.52265625 0.13125 0.484375
2 0.2390625 0.53984375 0.15859375 0.51875
2 0.10546875 0.56640625 0.17890625 0.56875
2 0.62578125 0.86171875 0.0765625 0.27578125
2 0.55390625 0.8828125 0.0796875 0.234375
2 0.46875 0.896875 0.0890625 0.20546875
2 0.37578125 0.91171875 0.084375 0.1765625
2 0.940625 0.096875 0.06484375 0.19375
2 0.896875 0.09296875 0.06640625 0.1859375
2 0.840625 0.090625 0.06015625 0.18125
2 0.78125 0.090625 0.06015625 0.18046875
2 0.57109375 0.08671875 0.0953125 0.1734375
2 0.4796875 0.08203125 0.1015625 0.1640625
2 0.37109375 0.07890625 0.1140625 0.15703125
2 0.61328125 0.47109375 0.09609375 0.39921875
2 0.23046875 0.078125 0.134375 0.15390625