2 0.8015625 0.171875 0.0265625 0.0484375
2 0.82890625 0.1734375 0.0265625 0.0453125
2 0.41484375 0.24453125 0.0390625 0.0453125
2 0.4875 0.24609375 0.0359375 0.046875
2 0.75859375 0.4515625 0.040625 0.084375
2 0.27578125 0.321875 0.0359375 0.0609375
2 0.07734375 0.1640625 0.0359375 0.0859375
2 0.39140625 0.88125 0.046875 0.128125
2 0.9421875 0.71484375 0.04375 0.10625
2 0.2953125 0.14375 0.0390625 0.053125
2 0.153125 0.87265625 0.05625 0.14375
2 0.60078125 0.246875 0.034375 0.0515625
2 0.7765625 0.71171875 0.05 0.109375
2 0.45234375 0.24609375 0.0375 0.046875
2 0.321875 0.709375 0.04375 0.1171875
2 0.24375 0.140625 0.03125 0.0546875
2 0.16015625 0.14296875 0.0328125 0.0515625
2 0.1984375 0.14296875 0.0296875 0.0546875
2 0.52578125 0.24609375 0.0359375 0.0515625
2 0.07109375 0.87890625 0.04453125 0.140625
2 0.03515625 0.42421875 0.065625 0.1109375
2 0.97890625 0.87109375 0.0390625 0.103125
2 0.3390625 0.2359375 0.0390625 0.0546875
2 0.6 0.3328125 0.034375 0.059375
2 0.71875 0.8859375 0.0484375 0.128125
2 0.19296875 0.32578125 0.0296875 0.0515625
2 0.309375 0.571875 0.0390625 0.1
2 0.20546875 0.88828125 0.0484375 0.1234375
2 0.8125 0.7203125 0.0453125 0.0953125
2 0.734375 0.71171875 0.0453125 0.121875
2 0.978125 0.7140625 0.040625 0.109375
2 0.121875 0.23359375 0.03125 0.0515625
2 0.40234375 0.7109375 0.0453125 0.1203125
2 0.8453125 0.57421875 0.040625 0.1015625
2 0.28515625 0.23359375 0.0375 0.0546875
2 0.8796875 0.88515625 0.03046875 0.10625
2 0.6625 0.70859375 0.040625 0.1203125
2 0.36328125 0.7109375 0.046875 0.121875
2 0.13125 0.57578125 0.046875 0.096875
2 0.28828125 0.32265625 0.0359375 0.0609375
2 0.2390625 0.88828125 0.0453125 0.125
2 0.97421875 0.45 0.0421875 0.103125
2 0.19921875 0.234375 0.0328125 0.05
2 0.17578125 0.57578125 0.04375 0.0984375
2 0.2453125 0.234375 0.0375 0.05
2 0.45546875 0.871875 0.0546875 0.146875
2 0.11796875 0.1390625 0.0390625 0.0625
2 0.27421875 0.89140625 0.046875 0.1234375
2 0.76796875 0.88515625 0.05 0.1265625
2 0.84609375 0.71875 0.04375 0.096875
2 0.55390625 0.7109375 0.04375 0.1203125
2 0.4765625 0.7109375 0.04375 0.1203125
2 0.2875 0.7078125 0.0484375 0.1171875
2 0.684375 0.33515625 0.0390625 0.0546875
2 0.62734375 0.71015625 0.0421875 0.121875
2 0.71796875 0.45078125 0.040625 0.08125
2 0.11328125 0.8796875 0.04921875 0.146875
2 0.4390625 0.7109375 0.0453125 0.11875
2 0.5640625 0.2421875 0.0390625 0.0578125
2 0.696875 0.709375 0.04375 0.121875
2 0.590625 0.7109375 0.0421875 0.1203125
2 0.578125 0.571875 0.046875 0.109375
2 0.08671875 0.7109375 0.0515625 0.10625
2 0.565625 0.16015625 0.0390625 0.053125
2 0.94375 0.88203125 0.0453125 0.1171875
2 0.92734375 0.715625 0.04375 0.109375
2 0.0390625 0.1640625 0.053125 0.1015625
2 0.85546875 0.8921875 0.04375 0.103125
2 0.23359375 0.31953125 0.04375 0.0625
2 0.515625 0.71015625 0.0453125 0.121875
2 0.97421875 0.57734375 0.0421875 0.109375
2 0.65546875 0.57265625 0.04375 0.1125
2 0.2609375 0.56953125 0.0421875 0.1015625
2 0.68984375 0.571875 0.04375 0.1171875
2 0.56484375 0.33203125 0.0421875 0.059375
2 0.3375 0.57265625 0.046875 0.103125
2 0.12578125 0.7140625 0.05 0.1046875
2 0.334375 0.325 0.040625 0.059375
2 0.76328125 0.57421875 0.0484375 0.1140625
2 0.16015625 0.2328125 0.0328125 0.0546875
2 0.278125 0.4359375 0.0421875 0.10625
2 0.80234375 0.5765625 0.046875 0.1078125
2 0.71875 0.57109375 0.0453125 0.1140625
2 0.61875 0.57421875 0.04375 0.1125
2 0.65078125 0.1578125 0.0359375 0.053125
2 0.58828125 0.4421875 0.046875 0.1015625
2 0.22109375 0.5703125 0.0453125 0.10625
2 0.88203125 0.57734375 0.0453125 0.10625
2 0.63203125 0.4546875 0.040625 0.0703125
2 0.6078125 0.1578125 0.0375 0.05625
2 0.6828125 0.2453125 0.040625 0.0578125
2 0.5390625 0.440625 0.04375 0.10625
2 0.14296875 0.32109375 0.0359375 0.059375
2 0.85859375 0.44609375 0.0421875 0.103125
2 0.88515625 0.7140625 0.05 0.1125
2 0.93828125 0.44921875 0.046875 0.103125
2 0.40078125 0.43828125 0.0421875 0.10625
2 0.640625 0.334375 0.0421875 0.0546875
2 0.61875 0.8765625 0.05 0.1390625
2 0.53984375 0.5734375 0.04375 0.109375
2 0.41875 0.57265625 0.04375 0.1046875
2 0.6421875 0.24609375 0.0390625 0.05625
2 0.93359375 0.57734375 0.0453125 0.1078125
2 0.1109375 0.4296875 0.05625 0.1078125
2 0.6875 0.159375 0.0359375 0.053125
2 0.38046875 0.571875 0.046875 0.1046875
2 0.31640625 0.43828125 0.04375 0.1046875
2 0.46171875 0.57109375 0.0453125 0.1140625
2 0.89765625 0.44765625 0.04375 0.10625
2 0.9109375 0.89296875 0.0453125 0.1015625
2 0.17109375 0.43203125 0.053125 0.10625
2 0.5015625 0.57265625 0.04375 0.1125
2 0.20546875 0.715625 0.0515625 0.103125
2 0.565625 0.87109375 0.0546875 0.1484375
2 0.8234375 0.4453125 0.040625 0.1046875
2 0.246875 0.7109375 0.0515625 0.115625
2 0.67421875 0.8796875 0.053125 0.1359375
2 0.2296875 0.4328125 0.0546875 0.10625
2 0.36171875 0.43984375 0.04375 0.1015625
2 0.51015625 0.8703125 0.05625 0.153125
2 0.1625 0.7140625 0.053125 0.1046875
2 0.44609375 0.4390625 0.04375 0.1078125
2 0.6734375 0.4515625 0.04375 0.0765625
2 0.49375 0.43828125 0.0453125 0.10625
2 0.31328125 0.88359375 0.0453125 0.134375
2 0.35625 0.8828125 0.04375 0.128125
2 0.50390625 0.3359375 0.040625 0.0484375
2 0.38125 0.24296875 0.04375 0.046875
2 0.3390625 0.14765625 0.0453125 0.0515625
2 0.3796875 0.15390625 0.040625 0.0453125
2 0.415625 0.15390625 0.0359375 0.0453125
2 0.4484375 0.15546875 0.0375 0.0453125
2 0.4875 0.15390625 0.0421875 0.0453125
2 0.5265625 0.15703125 0.0375 0.0515625
2 0.86015625 0.171875 0.0421875 0.04375
2 0.9765625 0.17421875 0.0390625 0.0484375
2 0.9828125 0.2578125 0.034375 0.05
2 0.9171875 0.259375 0.040625 0.046875
2 0.87578125 0.25625 0.0421875 0.0453125
2 0.83125 0.26015625 0.0328125 0.040625
2 0.0515625 0.29296875 0.08671875 0.1125
2 0.98984375 0.3453125 0.0203125 0.0484375
2 0.95703125 0.34453125 0.04140625 0.04609375
2 0.9046875 0.34609375 0.034375 0.03984375
2 0.85390625 0.33984375 0.03828125 0.046875
2 0.81796875 0.3390625 0.0375 0.0484375
2 0.73515625 0.3375 0.03984375 0.046875
2 0.93828125 0.1734375 0.0375 0.04375
2 0.89921875 0.17109375 0.03671875 0.04140625
2 0.8 0.2578125 0.0328125 0.03984375
2 0.9484375 0.25703125 0.03359375 0.0453125
2 0.45625 0.33046875 0.03984375 0.05234375
2 0.4171875 0.33125 0.0328125 0.04453125
2 0.3828125 0.33125 0.034375 0.05
2 0.04375 0.5625 0.08359375 0.12421875
2 0.8140625 0.89296875 0.04453125 0.1078125