2 0.4609375 0.31171875 0.4203125 0.23046875
2 0.2640625 0.58125 0.26015625 0.25546875
2 0.271875 0.71953125 0.21796875 0.19453125
2 0.546875 0.5234375 0.30078125 0.13125
2 0.52890625 0.63515625 0.225 0.12890625
2 0.528125 0.68828125 0.175 0.1375
2 0.63125 0.628125 0.16328125 0.10390625
2 0.66328125 0.58359375 0.153125 0.08984375
2 0.71875 0.45859375 0.30546875 0.12421875
2 0.765625 0.53203125 0.1453125 0.08125
2 0.7734375 0.5828125 0.0765625 0.06328125
2 0.84921875 0.56328125 0.0734375 0.05625
2 0.89140625 0.49921875 0.0890625 0.07109375
2 0.40859375 0.734375 0.11875 0.153125