2 0.8265625 0.85 0.0421875 0.0984375
2 0.209375 0.73125 0.046875 0.1265625
2 0.24140625 0.38203125 0.053125 0.121875
2 0.09609375 0.57578125 0.0453125 0.1015625
2 0.4453125 0.88671875 0.0453125 0.1109375
2 0.0875 0.0484375 0.0421875 0.096875
2 0.14375 0.57109375 0.053125 0.1078125
2 0.75625 0.71015625 0.0359375 0.1203125
2 0.10390625 0.74296875 0.0609375 0.125
2 0.878125 0.225 0.0578125 0.1234375
2 0.24453125 0.90859375 0.0625 0.1421875
2 0.0296875 0.39609375 0.0578125 0.084375
2 0.596875 0.88671875 0.04375 0.1078125
2 0.42734375 0.72578125 0.040625 0.128125
2 0.52421875 0.89453125 0.0421875 0.1140625
2 0.8140625 0.08125 0.04375 0.109375
2 0.01953125 0.2171875 0.0375 0.10625
2 0.1671875 0.38984375 0.05625 0.1046875
2 0.80625 0.5359375 0.046875 0.1234375
2 0.0390625 0.73984375 0.078125 0.1734375
2 0.43046875 0.37265625 0.05 0.1359375
2 0.79375 0.8625 0.0484375 0.1125
2 0.83125 0.69921875 0.05625 0.1296875
2 0.7578125 0.8703125 0.053125 0.1140625
2 0.4640625 0.54453125 0.0484375 0.1328125
2 0.83359375 0.8734375 0.040625 0.078125
2 0.36171875 0.54296875 0.05 0.134375
2 0.3078125 0.5484375 0.0546875 0.134375
2 0.1640625 0.73125 0.05625 0.128125
2 0.5453125 0.7203125 0.04375 0.128125
2 0.7203125 0.3703125 0.0515625 0.1359375
2 0.715625 0.87421875 0.046875 0.115625
2 0.725 0.71484375 0.04375 0.1203125
2 0.6109375 0.53984375 0.046875 0.125
2 0.5875 0.37109375 0.053125 0.1390625
2 0.79375 0.7125 0.0484375 0.109375
2 0.46875 0.7265625 0.040625 0.1265625
2 0.69375 0.07421875 0.034375 0.1125
2 0.24765625 0.73984375 0.05 0.134375
2 0.66953125 0.06875 0.0359375 0.1109375
2 0.55546875 0.89375 0.046875 0.11875
2 0.41484375 0.54453125 0.0484375 0.1359375
2 0.04453125 0.04765625 0.0578125 0.0953125
2 0.415625 0.20703125 0.0546875 0.1515625
2 0.69453125 0.53828125 0.046875 0.128125
2 0.19609375 0.55625 0.053125 0.1296875
2 0.775 0.37265625 0.0515625 0.1359375
2 0.71640625 0.240625 0.046875 0.096875
2 0.37109375 0.20625 0.05625 0.1546875
2 0.29609375 0.7390625 0.0484375 0.1328125
2 0.534375 0.37109375 0.0578125 0.1375
2 0.63359375 0.06953125 0.0359375 0.115625
2 0.859375 0.08125 0.0515625 0.1109375
2 0.6859375 0.7171875 0.0484375 0.1171875
2 0.65078125 0.5390625 0.046875 0.125
2 0.8265625 0.37109375 0.0515625 0.1296875
2 0.63359375 0.71953125 0.0515625 0.1171875
2 0.50859375 0.54140625 0.0546875 0.1359375
2 0.86953125 0.3671875 0.046875 0.1203125
2 0.6375 0.8796875 0.0453125 0.1171875
2 0.734375 0.54140625 0.04375 0.11875
2 0.47734375 0.371875 0.0546875 0.1359375
2 0.3390625 0.7359375 0.05 0.1328125
2 0.53125 0.21796875 0.0484375 0.1359375
2 0.7296875 0.06796875 0.053125 0.1296875
2 0.55390625 0.540625 0.0515625 0.134375
2 0.31171875 0.059375 0.053125 0.1125
2 0.465625 0.21484375 0.0546875 0.1375
2 0.6765625 0.87890625 0.046875 0.1171875
2 0.77421875 0.0703125 0.0546875 0.1328125
2 0.74921875 0.37265625 0.0515625 0.1390625
2 0.38515625 0.7328125 0.0453125 0.1296875
2 0.76640625 0.2421875 0.0546875 0.0953125
2 0.6609375 0.3875 0.059375 0.1046875
2 0.2 0.228125 0.0546875 0.1046875
2 0.065625 0.21171875 0.0546875 0.1171875
2 0.2265625 0.38984375 0.05 0.10625
2 0.77265625 0.5421875 0.0421875 0.11875
2 0.2515625 0.55390625 0.05625 0.13125
2 0.58828125 0.71796875 0.0484375 0.125
2 0.50703125 0.7265625 0.0453125 0.1265625
2 0.5765625 0.2203125 0.046875 0.13125
2 0.5953125 0.06171875 0.046875 0.1203125
2 0.29765625 0.91328125 0.0515625 0.1265625
2 0.38359375 0.9 0.0484375 0.125
2 0.31875 0.23125 0.0546875 0.1015625
2 0.62109375 0.2234375 0.0484375 0.1296875
2 0.37890625 0.3734375 0.05625 0.1390625
2 0.13203125 0.21640625 0.059375 0.121875
2 0.6671875 0.225 0.046875 0.1296875
2 0.50703125 0.0609375 0.0515625 0.1171875
2 0.34140625 0.91015625 0.05 0.1265625
2 0.25625 0.2296875 0.0546875 0.1015625
2 0.42578125 0.903125 0.05 0.125
2 0.18515625 0.05390625 0.0515625 0.1078125
2 0.55234375 0.06015625 0.05 0.1203125
2 0.81875 0.24375 0.0546875 0.09375
2 0.275 0.37109375 0.05625 0.1421875
2 0.32421875 0.371875 0.05625 0.1421875
2 0.2484375 0.05703125 0.05625 0.1140625
2 0.37421875 0.0578125 0.0625 0.115625
2 0.4453125 0.05859375 0.0640625 0.1171875
2 0.87421875 0.91640625 0.05 0.1109375
2 0.0140625 0.5609375 0.028125 0.1234375
2 0.05390625 0.5375 0.0875 0.14375
2 0.8515625 0.5328125 0.05 0.1203125