2 0.31171875 0.053125 0.2609375 0.05859375
2 0.57421875 0.06953125 0.24140625 0.0640625
2 0.58125 0.20859375 0.24765625 0.05
2 0.315625 0.19609375 0.24609375 0.06015625
2 0.58046875 0.34140625 0.2484375 0.06015625
2 0.3203125 0.33828125 0.2609375 0.05390625
2 0.3203125 0.47421875 0.24765625 0.05859375
2 0.578125 0.4765625 0.2359375 0.0546875
2 0.58828125 0.6046875 0.2234375 0.05859375
2 0.32734375 0.61171875 0.2453125 0.05625
2 0.32890625 0.7421875 0.24765625 0.0640625
2 0.5734375 0.728125 0.2296875 0.0609375
2 0.565625 0.85703125 0.22890625 0.0640625
2 0.3234375 0.87109375 0.2359375 0.06484375
2 0.565625 0.971875 0.2359375 0.05625
2 0.32421875 0.9765625 0.2375 0.04609375