2 0.10390625 0.7890625 0.028125 0.10625
2 0.15546875 0.7890625 0.02890625 0.10703125
2 0.26953125 0.65078125 0.0265625 0.10625
2 0.30625 0.65 0.0265625 0.10703125
2 0.61640625 0.6265625 0.02890625 0.11875
2 0.65078125 0.62734375 0.0296875 0.12109375
2 0.68671875 0.62734375 0.028125 0.12109375
2 0.49453125 0.5015625 0.0296875 0.10546875
2 0.4578125 0.5015625 0.0265625 0.10546875
2 0.14453125 0.515625 0.02421875 0.096875
2 0.11640625 0.515625 0.0234375 0.096875
2 0.09140625 0.515625 0.021875 0.0984375