2 0.703125 0.05390625 0.2640625 0.0734375
2 0.4421875 0.03046875 0.29375 0.0609375
2 0.721875 0.2046875 0.26328125 0.059375
2 0.440625 0.17890625 0.290625 0.06875
2 0.22685185156249998 0.1651851859375 0.21851851875 0.15851851875 0.1379629625 0.1481481484375 0.11388888906250001 0.14148148124999999 0.053703703125 0.11703703750000001 0 0.1074074078125 0.0018518515625 0.16814814843749998 0.077777778125 0.1688888890625 0.21111111093749999 0.18222222187499998 0.22314814843750003 0.18222222187499998 0.22777777812500002 0.17555555625000002 0.22685185156249998 0.1651851859375
2 0.1671875 0.3328125 0.11953125 0.06015625
2 0.059375 0.328125 0.11875 0.0609375
2 0.159375 0.51328125 0.13984375 0.0609375
2 0.0609375 0.5140625 0.121875 0.0625
2 0.15859375 0.68671875 0.14921875 0.078125
2 0.06328125 0.69296875 0.12578125 0.0796875
2 0.0625 0.8703125 0.125 0.09296875
2 0.43671875 0.975 0.28125 0.05
2 0.371875 0.96640625 0.29921875 0.06640625
2 0.31875 0.9546875 0.29296875 0.075
2 0.696875 0.9546875 0.26640625 0.08125
2 0.63828125 0.9296875 0.26328125 0.059375
2 0.58203125 0.9140625 0.25390625 0.0546875
2 0.365625 0.53046875 0.0953125 0.24921875
2 0.13125 0.859375 0.20625 0.0890625