2 0.72421875 0.2078125 0.125 0.065625
2 0.53828125 0.09921875 0.228125 0.13203125
2 0.55 0.2 0.21328125 0.10625
2 0.54765625 0.40625 0.21328125 0.05703125
2 0.55234375 0.30703125 0.20859375 0.075
2 0.54765625 0.5109375 0.20859375 0.05703125
2 0.54296875 0.6140625 0.2328125 0.078125
2 0.7171875 0.584375 0.10078125 0.05078125
2 0.715625 0.50703125 0.103125 0.040625
2 0.72578125 0.43203125 0.12734375 0.0375
2 0.72421875 0.35625 0.125 0.04609375
2 0.7265625 0.2859375 0.1203125 0.05234375
2 0.82265625 0.275 0.0859375 0.04375
2 0.8234375 0.3296875 0.078125 0.0359375
2 0.8234375 0.38671875 0.078125 0.034375
2 0.8234375 0.44453125 0.078125 0.0296875
2 0.82109375 0.50390625 0.0734375 0.03125