2 0.1734375 0.65390625 0.08046875 0.25703125
2 0.1140625 0.68671875 0.08203125 0.25859375
2 0.0515625 0.71796875 0.06953125 0.259375
2 0.3359375 0.57421875 0.06640625 0.26015625
2 0.40390625 0.55546875 0.0703125 0.23984375
2 0.46171875 0.5296875 0.05625 0.24296875
2 0.35 0.8828125 0.05 0.23125
2 0.4078125 0.865625 0.06328125 0.2453125
2 0.47109375 0.8359375 0.059375 0.2390625
2 0.55625 0.8140625 0.0296875 0.203125
2 0.6453125 0.74609375 0.06015625 0.1890625
2 0.603125 0.72734375 0.040625 0.1703125
2 0.746875 0.68203125 0.04375 0.19375
2 0.78125 0.66953125 0.04296875 0.18203125
2 0.815625 0.6515625 0.04296875 0.1765625
2 0.55703125 0.49375 0.0484375 0.23203125
2 0.61171875 0.4734375 0.05 0.22578125
2 0.64765625 0.465625 0.0453125 0.1984375
2 0.54296875 0.39296875 0.02890625 0.103125
2 0.56640625 0.39375 0.03203125 0.10625
2 0.0296875 0.31640625 0.059375 0.29375
2 0.0859375 0.29921875 0.06171875 0.278125
2 0.14375 0.303125 0.06171875 0.23125
2 0.21796875 0.29375 0.08359375 0.215625
2 0.30859375 0.24921875 0.05 0.26171875
2 0.35546875 0.2390625 0.059375 0.25703125
2 0.40625 0.2265625 0.0484375 0.24296875
2 0.453125 0.221875 0.05546875 0.23359375
2 0.55 0.203125 0.04375 0.2203125
2 0.59296875 0.1921875 0.046875 0.21015625
2 0.6375 0.18046875 0.053125 0.209375
2 0.73515625 0.1609375 0.04453125 0.2109375
2 0.7625 0.153125 0.02578125 0.19609375
2 0.803125 0.15390625 0.0484375 0.184375
2 0.74375 0.4375 0.053125 0.178125
2 0.76875 0.40703125 0.03671875 0.21171875
2 0.803125 0.3984375 0.03359375 0.196875
2 0.9421875 0.60078125 0.103125 0.05