2 0.95078125 0.12890625 0.04921875 0.06953125
2 0.8671875 0.1328125 0.05078125 0.07265625
2 0.78515625 0.1328125 0.04765625 0.07265625
2 0.703125 0.13515625 0.04765625 0.07265625
2 0.62265625 0.13515625 0.04921875 0.07265625
2 0.54140625 0.1359375 0.05078125 0.075
2 0.46015625 0.1359375 0.05078125 0.075
2 0.3796875 0.13515625 0.04765625 0.0671875
2 0.29921875 0.1359375 0.04921875 0.06953125
2 0.21796875 0.13515625 0.05390625 0.07265625
2 0.13515625 0.1359375 0.05390625 0.075
2 0.05078125 0.1359375 0.05234375 0.075
2 0.05390625 0.2625 0.05546875 0.07734375
2 0.1375 0.26171875 0.05234375 0.075
2 0.21875 0.26015625 0.05234375 0.07265625
2 0.30078125 0.26171875 0.04921875 0.075
2 0.38046875 0.259375 0.04921875 0.06953125
2 0.46171875 0.26015625 0.05078125 0.07265625
2 0.54140625 0.259375 0.04765625 0.06953125
2 0.621875 0.259375 0.04765625 0.06953125
2 0.70390625 0.2578125 0.04921875 0.07265625
2 0.78359375 0.25546875 0.04765625 0.07265625
2 0.865625 0.25625 0.04921875 0.075
2 0.94921875 0.37578125 0.04921875 0.07265625
2 0.86484375 0.378125 0.05078125 0.07265625
2 0.78359375 0.37734375 0.05078125 0.075
2 0.70234375 0.3796875 0.04921875 0.075
2 0.621875 0.38203125 0.04765625 0.075
2 0.54140625 0.3828125 0.04765625 0.07265625
2 0.4609375 0.38203125 0.04921875 0.06953125
2 0.38046875 0.38203125 0.04921875 0.06953125
2 0.30234375 0.384375 0.05234375 0.075
2 0.21953125 0.384375 0.05390625 0.075
2 0.1390625 0.38515625 0.05546875 0.07265625
2 0.05625 0.38515625 0.05703125 0.07265625
2 0.0546875 0.509375 0.05390625 0.075
2 0.1375 0.50703125 0.05234375 0.075
2 0.22109375 0.50625 0.05390625 0.07265625
2 0.30078125 0.50625 0.04921875 0.07265625
2 0.38125 0.50625 0.04765625 0.07265625
2 0.4625 0.50625 0.04921875 0.07265625
2 0.540625 0.5046875 0.04921875 0.075
2 0.621875 0.50234375 0.05078125 0.075
2 0.7015625 0.50390625 0.05078125 0.07265625
2 0.784375 0.5015625 0.04921875 0.07265625
2 0.86484375 0.5 0.05078125 0.06953125
2 0.9453125 0.5 0.05703125 0.075
2 0.94609375 0.621875 0.05546875 0.07265625
2 0.86484375 0.625 0.05390625 0.075
2 0.784375 0.625 0.05234375 0.075
2 0.62265625 0.6265625 0.04921875 0.07265625
2 0.54140625 0.62890625 0.05078125 0.07734375
2 0.46171875 0.62890625 0.05078125 0.07734375
2 0.38125 0.62890625 0.05078125 0.07734375
2 0.3015625 0.63046875 0.05078125 0.075
2 0.21875 0.63125 0.05546875 0.07734375
2 0.1390625 0.62890625 0.05234375 0.0671875
2 0.05390625 0.75546875 0.05546875 0.075
2 0.053125 0.878125 0.05703125 0.075
2 0.13984375 0.75546875 0.05703125 0.075
2 0.1359375 0.8796875 0.05234375 0.07734375
2 0.21953125 0.753125 0.05390625 0.075
2 0.3 0.75390625 0.05078125 0.07265625
2 0.21953125 0.878125 0.05390625 0.075
2 0.3015625 0.8796875 0.05390625 0.07734375
2 0.38125 0.8796875 0.05078125 0.07734375
2 0.4625 0.8796875 0.05234375 0.07734375
2 0.38125 0.75390625 0.04765625 0.07265625
2 0.5421875 0.753125 0.04921875 0.075
2 0.46171875 0.753125 0.05078125 0.075
2 0.54140625 0.88203125 0.05078125 0.08203125
2 0.62265625 0.8796875 0.04921875 0.07734375
2 0.6234375 0.7515625 0.05078125 0.07265625
2 0.703125 0.75078125 0.05078125 0.075
2 0.703125 0.878125 0.05078125 0.06953125
2 0.8671875 0.87578125 0.05390625 0.075
2 0.9484375 0.875 0.05390625 0.07734375
2 0.946875 0.7484375 0.05390625 0.075
2 0.865625 0.75078125 0.05234375 0.075
2 0.78203125 0.74921875 0.05703125 0.07734375
2 0.94921875 0.253125 0.05234375 0.07265625
2 0.7859375 0.878125 0.04921875 0.06953125
2 0.7015625 0.6265625 0.05078125 0.07265625
2 0.053125 0.6328125 0.05390625 0.075