2 0.74140625 0.084375 0.0671875 0.16875
2 0.6765625 0.08515625 0.0640625 0.1703125
2 0.01640625 0.25 0.0328125 0.1046875
2 0.5890625 0.4203125 0.0546875 0.071875
2 0.02890625 0.071875 0.0578125 0.14375
2 0.48984375 0.41953125 0.0546875 0.0703125
2 0.54296875 0.41953125 0.0546875 0.0703125
2 0.78203125 0.41015625 0.0546875 0.084375
2 0.9171875 0.4046875 0.065625 0.0921875
2 0.78671875 0.11875 0.05 0.109375
2 0.9375 0.1046875 0.053125 0.1546875
2 0.73671875 0.41015625 0.0484375 0.084375
2 0.33671875 0.07734375 0.0578125 0.1546875
2 0.690625 0.4125 0.0546875 0.0875
2 0.64140625 0.4125 0.0546875 0.0890625
2 0.84296875 0.121875 0.065625 0.109375
2 0.05078125 0.4171875 0.0671875 0.0890625
2 0.1140625 0.2640625 0.0625 0.0828125
2 0.2609375 0.0734375 0.0625 0.146875
2 0.115625 0.42109375 0.0609375 0.0828125
2 0.17578125 0.2640625 0.0625 0.084375
2 0.18984375 0.0734375 0.0734375 0.14375
2 0.58515625 0.54921875 0.05 0.1234375
2 0.43671875 0.4109375 0.0640625 0.0890625
2 0.04765625 0.959375 0.0609375 0.0796875
2 0.0515625 0.253125 0.046875 0.1078125
2 0.41015625 0.07734375 0.059375 0.1546875
2 0.3859375 0.41328125 0.0625 0.09375
2 0.09140625 0.07265625 0.075 0.1453125
2 0.89375 0.09921875 0.05625 0.1578125
2 0.61015625 0.08359375 0.0640625 0.1609375
2 0.10625 0.95625 0.059375 0.0859375
2 0.17734375 0.42109375 0.0640625 0.0828125
2 0.2359375 0.26640625 0.059375 0.0828125
2 0.42109375 0.5578125 0.0609375 0.1296875
2 0.5515625 0.08203125 0.0671875 0.1640625
2 0.28671875 0.41953125 0.0515625 0.078125
2 0.53515625 0.55234375 0.0578125 0.1265625
2 0.30703125 0.5640625 0.0609375 0.128125
2 0.63203125 0.54765625 0.053125 0.1203125
2 0.48515625 0.5546875 0.0625 0.128125
2 0.23359375 0.41953125 0.053125 0.0828125
2 0.18515625 0.56015625 0.0625 0.1515625
2 0.3375 0.4125 0.0671875 0.0953125
2 0.08828125 0.7796875 0.059375 0.153125
2 0.48671875 0.08125 0.0609375 0.1625
2 0.2453125 0.565625 0.0609375 0.1296875
2 0.0609375 0.5859375 0.059375 0.159375
2 0.36640625 0.5609375 0.059375 0.1265625
2 0.03515625 0.78359375 0.059375 0.1578125
2 0.12421875 0.56484375 0.065625 0.1546875
2 0.8921875 0.69921875 0.04453125 0.13203125
2 0.8484375 0.69921875 0.0484375 0.1296875
2 0.80078125 0.70859375 0.053125 0.13359375
2 0.7484375 0.70859375 0.05546875 0.13046875
2 0.9078125 0.5359375 0.0453125 0.125
2 0.8640625 0.534375 0.04609375 0.121875
2 0.82109375 0.53671875 0.0421875 0.1234375
2 0.77578125 0.53984375 0.04765625 0.12890625
2 0.7296875 0.54140625 0.0484375 0.1328125
2 0.7015625 0.534375 0.0390625 0.1109375
2 0.84921875 0.40390625 0.071875 0.08984375