2 0.23046875 0.15859375 0.0296875 0.0515625
2 0.40390625 0.89453125 0.040625 0.1171875
2 0.45234375 0.2484375 0.034375 0.040625
2 0.521875 0.1578125 0.0328125 0.0421875
2 0.30546875 0.15390625 0.0390625 0.0546875
2 0.265625 0.15703125 0.0375 0.05
2 0.815625 0.3359375 0.0515625 0.053125
2 0.240625 0.5828125 0.0359375 0.09375
2 0.5953125 0.1609375 0.0359375 0.040625
2 0.15234375 0.1828125 0.0375 0.090625
2 0.37734375 0.578125 0.0328125 0.1
2 0.165625 0.8796875 0.0546875 0.14375
2 0.27421875 0.2453125 0.0359375 0.0484375
2 0.44765625 0.16015625 0.0359375 0.0421875
2 0.48828125 0.24765625 0.0390625 0.0453125
2 0.67578125 0.2421875 0.034375 0.05
2 0.559375 0.16015625 0.0359375 0.04375
2 0.96484375 0.246875 0.040625 0.05
2 0.484375 0.71875 0.0453125 0.121875
2 0.88359375 0.15703125 0.03125 0.0484375
2 0.48515625 0.159375 0.0375 0.0421875
2 0.59765625 0.2484375 0.0390625 0.0453125
2 0.75234375 0.71875 0.04375 0.1171875
2 0.52890625 0.33984375 0.040625 0.0484375
2 0.2578125 0.5828125 0.0390625 0.096875
2 0.41015625 0.2421875 0.0421875 0.0515625
2 0.98359375 0.44296875 0.0296875 0.10625
2 0.5703125 0.340625 0.04375 0.05
2 0.559375 0.2484375 0.0359375 0.0453125
2 0.0171875 0.1796875 0.034375 0.1
2 0.5234375 0.71796875 0.0453125 0.121875
2 0.19140625 0.1578125 0.0375 0.0625
2 0.5609375 0.7171875 0.0453125 0.125
2 0.9453125 0.58125 0.0421875 0.1125
2 0.13203125 0.31015625 0.071875 0.0984375
2 0.546875 0.884375 0.0515625 0.1515625
2 0.29453125 0.89609375 0.0421875 0.121875
2 0.2109375 0.5828125 0.0453125 0.0953125
2 0.03125 0.43203125 0.0625 0.1140625
2 0.871875 0.90546875 0.05 0.13125
2 0.27109375 0.334375 0.034375 0.0515625
2 0.521875 0.2484375 0.0359375 0.0453125
2 0.984375 0.72109375 0.028125 0.1140625
2 0.87265625 0.7234375 0.053125 0.1140625
2 0.67890625 0.72109375 0.04375 0.1203125
2 0.32578125 0.89296875 0.0453125 0.1296875
2 0.2359375 0.24453125 0.034375 0.0515625
2 0.97734375 0.58203125 0.040625 0.1109375
2 0.91015625 0.7296875 0.04375 0.1015625
2 0.60078125 0.71953125 0.0453125 0.1203125
2 0.81796875 0.903125 0.05 0.1359375
2 0.81171875 0.5765625 0.0421875 0.1171875
2 0.63828125 0.2421875 0.0421875 0.053125
2 0.82890625 0.71953125 0.05 0.121875
2 0.896875 0.57890625 0.04375 0.1125
2 0.209375 0.71953125 0.04140625 0.1015625
2 0.19921875 0.24609375 0.034375 0.0515625
2 0.78984375 0.71875 0.0515625 0.121875
2 0.8 0.453125 0.040625 0.0828125
2 0.74296875 0.578125 0.0453125 0.1125
2 0.3640625 0.89609375 0.0453125 0.1265625
2 0.40859375 0.33203125 0.04375 0.0578125
2 0.359375 0.32890625 0.0390625 0.0609375
2 0.22109375 0.33125 0.0328125 0.05625
2 0.7640625 0.1515625 0.0359375 0.0578125
2 0.44296875 0.71640625 0.040625 0.121875
2 0.7171875 0.7203125 0.0453125 0.121875
2 0.43984375 0.44375 0.04375 0.103125
2 0.25625 0.884375 0.0546875 0.1421875
2 0.34140625 0.57890625 0.040625 0.1046875
2 0.91796875 0.9078125 0.0484375 0.109375
2 0.4078125 0.7171875 0.03671875 0.115625
2 0.640625 0.72109375 0.0484375 0.1171875
2 0.3078125 0.32734375 0.0390625 0.0625
2 0.84375 0.45078125 0.046875 0.0890625
2 0.7125 0.45625 0.0421875 0.078125
2 0.4765625 0.44375 0.04375 0.103125
2 0.66640625 0.4453125 0.046875 0.1078125
2 0.66015625 0.5796875 0.0453125 0.1125
2 0.16875 0.71953125 0.0453125 0.103125
2 0.19296875 0.43984375 0.05625 0.1078125
2 0.63671875 0.15625 0.0390625 0.059375
2 0.6765625 0.33203125 0.0390625 0.0609375
2 0.3015625 0.57890625 0.046875 0.109375
2 0.94921875 0.728125 0.046875 0.1015625
2 0.19765625 0.8828125 0.05625 0.15
2 0.6796875 0.153125 0.0390625 0.059375
2 0.71640625 0.24140625 0.040625 0.0546875
2 0.4984375 0.57890625 0.0421875 0.10625
2 0.778125 0.5765625 0.046875 0.1171875
2 0.91171875 0.44375 0.04375 0.1078125
2 0.3703125 0.71796875 0.03828125 0.1171875
2 0.71953125 0.33203125 0.04375 0.0578125
2 0.5234375 0.44296875 0.0453125 0.109375
2 0.56875 0.44375 0.0453125 0.109375
2 0.62265625 0.57890625 0.0421875 0.1140625
2 0.759375 0.2390625 0.0421875 0.059375
2 0.334375 0.72109375 0.04140625 0.1140625
2 0.45859375 0.57890625 0.04375 0.1046875
2 0.60078125 0.884375 0.0578125 0.1578125
2 0.6578125 0.88671875 0.05625 0.153125
2 0.640625 0.33203125 0.0453125 0.0609375
2 0.703125 0.5796875 0.046875 0.1125
2 0.35234375 0.44296875 0.04375 0.10625
2 0.25390625 0.440625 0.05 0.1078125
2 0.765625 0.3328125 0.04375 0.0578125
2 0.71328125 0.89140625 0.0546875 0.146875
2 0.41875 0.58046875 0.046875 0.1046875
2 0.5421875 0.57734375 0.0453125 0.1125
2 0.30703125 0.44140625 0.0515625 0.1078125
2 0.61640625 0.44375 0.04375 0.1125
2 0.1203125 0.18125 0.0546875 0.096875
2 0.8546875 0.57734375 0.0484375 0.1171875
2 0.39375 0.44375 0.0453125 0.103125
2 0.58203125 0.578125 0.04375 0.1125
2 0.72734375 0.15078125 0.0359375 0.0578125
2 0.2921875 0.7234375 0.04453125 0.1046875
2 0.965625 0.9109375 0.0515625 0.1015625
2 0.0609375 0.1796875 0.05625 0.0984375
2 0.76875 0.89375 0.05625 0.1453125
2 0.75859375 0.453125 0.04375 0.0828125
2 0.95 0.44296875 0.0453125 0.1078125
2 0.0453125 0.303125 0.0765625 0.103125
2 0.4828125 0.8921875 0.0453125 0.13125
2 0.44609375 0.89296875 0.040625 0.1265625
2 0.90390625 0.334375 0.0375 0.053125
2 0.96953125 0.33515625 0.0265625 0.0484375
2 0.9890625 0.3390625 0.021875 0.0421875
2 0.31875 0.23984375 0.046875 0.059375
2 0.36640625 0.2390625 0.0453125 0.0609375
2 0.35625 0.14921875 0.05625 0.059375
2 0.4078125 0.15546875 0.046875 0.0484375
2 0.9125 0.1546875 0.0390625 0.046875
2 0.94921875 0.15546875 0.0421875 0.0421875
2 0.984375 0.15546875 0.03125 0.04375
2 0.9171875 0.25 0.03828125 0.04296875
2 0.88203125 0.24765625 0.0296875 0.03984375
2 0.940625 0.33203125 0.0359375 0.053125
2 0.12109375 0.4390625 0.0671875 0.11328125
2 0.13671875 0.57109375 0.0671875 0.11640625
2 0.0828125 0.57265625 0.04609375 0.1171875
2 0.03125 0.571875 0.06171875 0.1171875
2 0.2515625 0.72265625 0.04296875 0.103125
2 0.075 0.71484375 0.10703125 0.1265625
2 0.078125 0.875 0.10859375 0.1578125
2 0.45625 0.3375 0.03515625 0.04921875
2 0.48828125 0.33828125 0.03203125 0.0453125