2 0.15703125 0.0828125 0.0453125 0.08125
2 0.20859375 0.084375 0.05 0.08125
2 0.43515625 0.0859375 0.0546875 0.075
2 0.54453125 0.0859375 0.0515625 0.0828125
2 0.26171875 0.08515625 0.0546875 0.0796875
2 0.7671875 0.0890625 0.0578125 0.0765625
2 0.47578125 0.8296875 0.071875 0.1671875
2 0.4921875 0.0828125 0.05625 0.0796875
2 0.5453125 0.840625 0.109375 0.196875
2 0.83046875 0.26171875 0.0578125 0.165625
2 0.82578125 0.0875 0.059375 0.075
2 0.77734375 0.26328125 0.05625 0.165625
2 0.765625 0.840625 0.1171875 0.190625
2 0.28046875 0.6453125 0.0515625 0.14375
2 0.4609375 0.6453125 0.0484375 0.1484375
2 0.41484375 0.64453125 0.046875 0.1484375
2 0.11796875 0.259375 0.05625 0.1640625
2 0.7 0.4546875 0.053125 0.1515625
2 0.1390625 0.64453125 0.053125 0.1453125
2 0.371875 0.6421875 0.05 0.1484375
2 0.23515625 0.64453125 0.053125 0.14375
2 0.7234375 0.2625 0.0578125 0.1703125
2 0.603125 0.453125 0.0546875 0.1515625
2 0.50234375 0.44765625 0.0546875 0.159375
2 0.56171875 0.26328125 0.0578125 0.1671875
2 0.79921875 0.45546875 0.0578125 0.153125
2 0.5984375 0.64609375 0.053125 0.146875
2 0.50625 0.64609375 0.0484375 0.1453125
2 0.74921875 0.4546875 0.0546875 0.1515625
2 0.6671875 0.26328125 0.0578125 0.1671875
2 0.64921875 0.453125 0.0546875 0.1515625
2 0.2015625 0.45 0.0578125 0.1484375
2 0.73828125 0.64765625 0.053125 0.14375
2 0.3828125 0.259375 0.0640625 0.1671875
2 0.403125 0.44609375 0.0515625 0.15625
2 0.25078125 0.44453125 0.0578125 0.1609375
2 0.3265625 0.6453125 0.053125 0.1453125
2 0.2140625 0.2625 0.0578125 0.1609375
2 0.5515625 0.45390625 0.0515625 0.15
2 0.353125 0.44609375 0.053125 0.1578125
2 0.61328125 0.26328125 0.0578125 0.1671875
2 0.4484375 0.26171875 0.0609375 0.1671875
2 0.3046875 0.4453125 0.05625 0.1578125
2 0.50703125 0.2625 0.05625 0.165625
2 0.16796875 0.85234375 0.0875 0.1578125
2 0.69296875 0.646875 0.0515625 0.1453125
2 0.64609375 0.646875 0.0515625 0.1453125
2 0.16640625 0.26328125 0.059375 0.1625
2 0.33828125 0.8578125 0.08125 0.1609375
2 0.15078125 0.44921875 0.0609375 0.1515625
2 0.1890625 0.64375 0.0578125 0.1421875
2 0.45 0.44765625 0.053125 0.15625
2 0.4296875 0.85546875 0.084375 0.1609375
2 0.5515625 0.64453125 0.0515625 0.146875
2 0.321875 0.2625 0.0546875 0.1640625
2 0.26796875 0.2625 0.059375 0.1625
2 0.7859375 0.64921875 0.0546875 0.140625
2 0.25703125 0.853125 0.090625 0.1609375
2 0.32265625 0.0859375 0.05625 0.0703125
2 0.38046875 0.0828125 0.05546875 0.0734375
2 0.60390625 0.0859375 0.06015625 0.07578125
2 0.66015625 0.08671875 0.053125 0.0765625
2 0.7171875 0.0859375 0.05625 0.07578125
2 0.1 0.08046875 0.05390625 0.0734375
2 0.6609375 0.84453125 0.11875 0.1890625