2 0.178125 0.759375 0.08515625 0.0640625
2 0.30625 0.76015625 0.08359375 0.065625
2 0.5640625 0.7578125 0.08515625 0.065625
2 0.4359375 0.7578125 0.08515625 0.065625
2 0.82109375 0.7578125 0.08671875 0.065625
2 0.69296875 0.7578125 0.08515625 0.065625
2 0.6921875 0.9046875 0.08671875 0.0640625
2 0.56328125 0.90546875 0.08671875 0.065625
2 0.43515625 0.90546875 0.08671875 0.065625
2 0.30625 0.90546875 0.08671875 0.065625
2 0.178125 0.90546875 0.08828125 0.065625
2 0.8203125 0.9046875 0.08984375 0.0640625