2 0.959375 0.809375 0.08046875 0.27109375
2 0.83203125 0.821875 0.0796875 0.259375
2 0.709375 0.83203125 0.0734375 0.24453125
2 0.59296875 0.840625 0.06796875 0.23046875
2 0.47890625 0.834375 0.034375 0.2546875
2 0.40078125 0.81953125 0.040625 0.2765625
2 0.415625 0.77421875 0.034375 0.12421875
2 0.33046875 0.82578125 0.03671875 0.2609375
2 0.303125 0.80859375 0.04453125 0.29609375
2 0.23125 0.8109375 0.03671875 0.29296875
2 0.1890625 0.790625 0.06875 0.328125
2 0.10859375 0.79609375 0.05390625 0.3140625
2 0.0484375 0.771875 0.090625 0.36640625
2 0.10703125 0.3515625 0.075 0.28046875
2 0.225 0.41171875 0.05390625 0.259375
2 0.1578125 0.4015625 0.04609375 0.19921875
2 0.259375 0.453125 0.04296875 0.18359375
2 0.32421875 0.46171875 0.03984375 0.23125
2 0.3453125 0.49375 0.02890625 0.17578125
2 0.40625 0.5109375 0.034375 0.19921875
2 0.48125 0.55859375 0.03046875 0.16015625
2 0.5859375 0.54453125 0.0640625 0.19296875
2 0.6859375 0.52890625 0.07109375 0.20546875
2 0.8046875 0.50859375 0.078125 0.2046875
2 0.92578125 0.484375 0.08203125 0.21484375
2 0.98203125 0.184375 0.0359375 0.1890625
2 0.88671875 0.2140625 0.0703125 0.1796875
2 0.77578125 0.24921875 0.065625 0.1765625
2 0.6765625 0.27421875 0.05390625 0.16640625
2 0.578125 0.30546875 0.053125 0.16015625
2 0.41796875 0.2375 0.02890625 0.175
2 0.34453125 0.17890625 0.02890625 0.19140625
2 0.28828125 0.16328125 0.03671875 0.11171875
2 0.25390625 0.10234375 0.04296875 0.1859375