2 0.96640625 0.08203125 0.06171875 0.15390625
2 0.89453125 0.08203125 0.05859375 0.1546875
2 0.82578125 0.08125 0.06015625 0.15703125
2 0.76015625 0.08125 0.05390625 0.15703125
2 0.69375 0.08203125 0.05859375 0.1578125
2 0.62109375 0.0828125 0.0609375 0.15546875
2 0.52890625 0.08359375 0.059375 0.15546875
2 0.4703125 0.08359375 0.059375 0.15625
2 0.4109375 0.08359375 0.05703125 0.15625
2 0.35703125 0.08046875 0.0515625 0.1609375
2 0.3015625 0.08359375 0.05859375 0.1546875
2 0.24375 0.08359375 0.05859375 0.1546875
2 0.1890625 0.0796875 0.05625 0.159375
2 0.19296875 0.296875 0.05859375 0.15859375
2 0.253125 0.2984375 0.06015625 0.1578125
2 0.309375 0.29609375 0.05390625 0.16171875
2 0.36171875 0.29921875 0.053125 0.15625
2 0.4234375 0.290625 0.05625 0.17421875
2 0.4734375 0.296875 0.06015625 0.159375
2 0.53046875 0.296875 0.05078125 0.16015625
2 0.6140625 0.2984375 0.05390625 0.15546875
2 0.6734375 0.29765625 0.0546875 0.15703125
2 0.73046875 0.2875 0.046875 0.17578125
2 0.78125 0.29765625 0.05703125 0.15703125
2 0.83671875 0.296875 0.05546875 0.15703125
2 0.89609375 0.296875 0.065625 0.15625
2 0.9546875 0.29609375 0.06328125 0.1578125
2 0.95390625 0.51015625 0.07109375 0.1515625
2 0.89296875 0.4984375 0.053125 0.17734375
2 0.83046875 0.50703125 0.05859375 0.1578125
2 0.77109375 0.5078125 0.0546875 0.15859375
2 0.71796875 0.509375 0.05078125 0.1578125
2 0.66328125 0.5078125 0.05625 0.15703125
2 0.60859375 0.50859375 0.053125 0.15546875
2 0.61953125 0.71484375 0.0546875 0.1640625
2 0.6890625 0.715625 0.05859375 0.1640625
2 0.76484375 0.71015625 0.0515625 0.17421875
2 0.82109375 0.71484375 0.059375 0.16484375
2 0.8859375 0.7140625 0.05390625 0.16640625
2 0.95546875 0.70859375 0.05625 0.17890625
2 0.5203125 0.50859375 0.05546875 0.15703125
2 0.4640625 0.509375 0.05 0.15625
2 0.41171875 0.509375 0.04921875 0.15625
2 0.36171875 0.50859375 0.0515625 0.15703125
2 0.30625 0.50234375 0.0515625 0.1703125
2 0.253125 0.5078125 0.05546875 0.1578125
2 0.19921875 0.509375 0.05625 0.1578125
2 0.2 0.709375 0.0515625 0.18046875
2 0.2640625 0.71796875 0.06015625 0.1625
2 0.33046875 0.71015625 0.05078125 0.175
2 0.40234375 0.7140625 0.05859375 0.1640625
2 0.46953125 0.71171875 0.05625 0.1703125
2 0.53046875 0.7140625 0.0546875 0.16484375
2 0.42578125 0.91640625 0.05546875 0.12578125
2 0.353125 0.915625 0.05859375 0.125
2 0.4984375 0.915625 0.053125 0.125
2 0.65 0.6640625 0.03359375 0.09375