2 0.83125 0.759375 0.09140625 0.31796875
2 0.73359375 0.73671875 0.09375 0.36015625
2 0.63671875 0.7578125 0.08984375 0.3125
2 0.54453125 0.759375 0.09453125 0.31484375
2 0.45546875 0.74765625 0.078125 0.32734375
2 0.36953125 0.73046875 0.08671875 0.3671875
2 0.2734375 0.753125 0.09453125 0.3171875
2 0.18046875 0.75546875 0.08671875 0.31015625
2 0.09609375 0.74921875 0.084375 0.31484375
2 0.2296875 0.21875 0.07890625 0.34375
2 0.3125 0.22109375 0.08046875 0.33671875
2 0.3984375 0.2234375 0.08359375 0.3296875
2 0.48359375 0.2328125 0.0890625 0.3171875
2 0.56953125 0.26875 0.084375 0.24296875
2 0.659375 0.2328125 0.08828125 0.32109375
2 0.7453125 0.22734375 0.084375 0.3265625
2 0.83359375 0.23125 0.090625 0.3203125
2 0.9265625 0.21171875 0.0953125 0.353125