2 0.21640625 0.19375 0.12578125 0.228125
2 0.35234375 0.415625 0.1078125 0.215625
2 0.23828125 0.6140625 0.109375 0.203125
2 0.71328125 0.409375 0.1109375 0.1765625
2 0.08125 0.19453125 0.12265625 0.2375
2 0.21875 0.41875 0.115625 0.20078125
2 0.47265625 0.41640625 0.09609375 0.203125
2 0.09765625 0.4203125 0.12109375 0.21328125
2 0.96171875 0.16640625 0.0765625 0.159375
2 0.475 0.19453125 0.109375 0.21328125
2 0.3578125 0.625 0.08828125 0.2109375
2 0.1203125 0.6125 0.109375 0.1984375
2 0.840625 0.4140625 0.09765625 0.22578125
2 0.72265625 0.203125 0.12578125 0.228125
2 0.4671875 0.0296875 0.05234375 0.05859375
2 0.94765625 0.41015625 0.1046875 0.20625
2 0.2484375 0.7890625 0.1015625 0.19609375
2 0.6015625 0.2 0.12109375 0.21796875
2 0.3453125 0.1984375 0.12265625 0.22578125
2 0.3546875 0.81015625 0.09609375 0.24296875
2 0.153125 0.93203125 0.1 0.1359375
2 0.60078125 0.4203125 0.09296875 0.20859375
2 0.0515625 0.93203125 0.103125 0.1359375
2 0.89921875 0.93125 0.1 0.1375
2 0.3203125 0.0328125 0.04765625 0.0609375
2 0.13671875 0.79375 0.10625 0.23515625
2 0.04140625 0.76171875 0.0828125 0.1453125
2 0.8546875 0.19609375 0.134375 0.2109375
2 0.0328125 0.58125 0.065625 0.1375
2 0.7484375 0.0234375 0.05703125 0.04375
2 0.94375 0.609375 0.1046875 0.203125
2 0.61484375 0.02109375 0.05078125 0.04140625
2 0.47421875 0.62734375 0.09609375 0.22578125
2 0.171875 0.0234375 0.04921875 0.046875
2 0.7 0.64609375 0.1140625 0.26015625
2 0.9203125 0.778125 0.1046875 0.1640625
2 0.790625 0.9296875 0.1 0.140625
2 0.80390625 0.78046875 0.1 0.1640625
2 0.6828125 0.93203125 0.096875 0.1359375
2 0.5796875 0.93515625 0.09296875 0.1296875
2 0.4765625 0.93359375 0.08984375 0.12734375
2 0.3671875 0.93515625 0.09296875 0.1296875
2 0.25703125 0.93515625 0.08984375 0.1296875
2 0.478125 0.79375 0.1 0.1765625
2 0.5890625 0.7953125 0.1 0.1859375
2 0.69609375 0.79296875 0.1046875 0.1859375
2 0.58671875 0.6203125 0.1015625 0.21328125
2 0.82109375 0.6140625 0.1125 0.203125