2 0.025 0.359375 0.04765625 0.28203125
2 0.1 0.3640625 0.04921875 0.27734375
2 0.14609375 0.36171875 0.04375 0.28203125
2 0.19453125 0.36875 0.05234375 0.271875
2 0.2515625 0.37109375 0.05859375 0.2671875
2 0.30390625 0.37109375 0.05390625 0.2625
2 0.5 0.3640625 0.05859375 0.27734375
2 0.57109375 0.359375 0.040625 0.28671875
2 0.61328125 0.35625 0.04375 0.28671875
2 0.66796875 0.3640625 0.04609375 0.27734375
2 0.72265625 0.36875 0.05078125 0.2625
2 0.77265625 0.3703125 0.0390625 0.26015625
2 0.8140625 0.37109375 0.05234375 0.2625
2 0.88828125 0.36875 0.04765625 0.2625
2 0.9625 0.36875 0.0421875 0.2625
2 0.96953125 0.6984375 0.04765625 0.2796875
2 0.8953125 0.69765625 0.04921875 0.28671875
2 0.82265625 0.70625 0.04765625 0.26953125
2 0.76953125 0.703125 0.0359375 0.26484375
2 0.71640625 0.70625 0.04375 0.26953125
2 0.67578125 0.709375 0.04375 0.271875
2 0.6234375 0.709375 0.04375 0.271875
2 0.57265625 0.709375 0.04375 0.271875
2 0.503125 0.703125 0.04921875 0.2890625
2 0.42578125 0.71328125 0.04765625 0.26953125
2 0.34921875 0.70859375 0.04765625 0.284375
2 0.3 0.70625 0.05390625 0.2796875
2 0.25078125 0.7046875 0.04765625 0.28671875
2 0.2 0.71171875 0.06015625 0.27734375
2 0.15234375 0.7109375 0.0421875 0.2796875
2 0.09296875 0.70625 0.04609375 0.284375
2 0.35 0.36640625 0.04609375 0.271875
2 0.02265625 0.70390625 0.0453125 0.2796875
2 0.02734375 0.0796875 0.05390625 0.159375