2 0.41328125 0.34140625 0.04921875 0.20703125
2 0.7125 0.09375 0.05625 0.1875
2 0.76875 0.0984375 0.059375 0.196875
2 0.18828125 0.07421875 0.04140625 0.1484375
2 0.50390625 0.34296875 0.0515625 0.21796875
2 0.75859375 0.38203125 0.059375 0.23046875
2 0.45390625 0.08359375 0.0453125 0.1671875
2 0.50390625 0.0859375 0.0484375 0.17109375
2 0.2703125 0.07578125 0.04140625 0.15078125
2 0.828125 0.4109375 0.06640625 0.19296875
2 0.20390625 0.3109375 0.04609375 0.18046875
2 0.16015625 0.30703125 0.04453125 0.19140625
2 0.4578125 0.340625 0.0453125 0.20703125
2 0.090625 0.2828125 0.0484375 0.1734375
2 0.4125 0.08203125 0.04296875 0.16328125
2 0.02734375 0.07109375 0.02890625 0.14140625
2 0.29296875 0.3109375 0.04453125 0.18515625
2 0.23203125 0.07578125 0.04140625 0.15078125
2 0.88828125 0.10078125 0.05703125 0.20078125
2 0.309375 0.06328125 0.0359375 0.12578125
2 0.25234375 0.3140625 0.04375 0.18125
2 0.55859375 0.33828125 0.059375 0.1796875
2 0.0484375 0.26640625 0.04453125 0.16796875
2 0.06484375 0.059375 0.0390625 0.11875
2 0.3265625 0.3046875 0.03984375 0.16953125
2 0.828125 0.10078125 0.059375 0.2015625
2 0.103125 0.0578125 0.03515625 0.11484375
2 0.5546875 0.08515625 0.05390625 0.1703125
2 0.01875 0.27578125 0.03046875 0.18125
2 0.309375 0.303125 0.0640625 0.16953125
2 0.590625 0.32734375 0.04375 0.18203125
2 0.6984375 0.37265625 0.06015625 0.2265625
2 0.81015625 0.3890625 0.0390625 0.228125
2 0.9546875 0.8109375 0.090625 0.20625
2 0.89375 0.79140625 0.1109375 0.2015625
2 0.83203125 0.77578125 0.1109375 0.1953125
2 0.7734375 0.76015625 0.11875 0.18671875
2 0.71484375 0.73671875 0.13671875 0.20546875
2 0.65625 0.721875 0.13125 0.19609375
2 0.60625 0.71171875 0.1296875 0.18359375
2 0.55859375 0.70078125 0.13359375 0.1796875
2 0.50703125 0.69375 0.13046875 0.1640625
2 0.459375 0.6796875 0.1296875 0.16640625
2 0.41328125 0.66640625 0.13359375 0.16484375
2 0.36171875 0.65390625 0.1484375 0.1640625
2 0.3140625 0.640625 0.1515625 0.15625
2 0.25859375 0.63203125 0.14921875 0.14375
2 0.20859375 0.621875 0.13515625 0.1296875
2 0.14453125 0.64140625 0.090625 0.0703125
2 0.13125 0.6015625 0.13671875 0.12421875
2 0.0984375 0.59140625 0.14375 0.13046875
2 0.07109375 0.5765625 0.14140625 0.134375
2 0.0515625 0.5609375 0.103125 0.109375