2 0.3171875 0.53046875 0.0390625 0.165625
2 0.24296875 0.540625 0.0375 0.1609375
2 0.10859375 0.3671875 0.03125 0.14375
2 0.0796875 0.37421875 0.0296875 0.1359375
2 0.2046875 0.34375 0.0375 0.14375
2 0.359375 0.52578125 0.04375 0.1640625
2 0.27890625 0.5375 0.0328125 0.1625
2 0.31484375 0.775 0.040625 0.1828125
2 0.40390625 0.51953125 0.04375 0.1671875
2 0.17109375 0.35390625 0.0328125 0.14375
2 0.4421875 0.5109375 0.0359375 0.171875
2 0.43828125 0.7734375 0.0390625 0.19375
2 0.1765625 0.553125 0.0515625 0.15
2 0.24296875 0.33515625 0.0390625 0.1484375
2 0.1046875 0.565625 0.046875 0.1453125
2 0.35625 0.7765625 0.040625 0.1859375
2 0.41015625 0.2921875 0.04375 0.1578125
2 0.1390625 0.359375 0.0328125 0.1453125
2 0.2859375 0.32578125 0.05 0.1515625
2 0.33125 0.3125 0.0359375 0.1515625
2 0.1390625 0.77578125 0.03125 0.175
2 0.2375 0.778125 0.0375 0.1734375
2 0.06328125 0.5703125 0.0453125 0.1390625
2 0.396875 0.77578125 0.04375 0.1890625
2 0.3703125 0.3015625 0.040625 0.1578125
2 0.27578125 0.778125 0.0375 0.178125
2 0.203125 0.77578125 0.03125 0.178125
2 0.109375 0.77578125 0.03125 0.175
2 0.45 0.28203125 0.0359375 0.15625
2 0.07578125 0.77578125 0.0328125 0.171875
2 0.16953125 0.775 0.034375 0.1765625
2 0.04140625 0.7765625 0.0328125 0.1671875