2 0.25078125 0.82890625 0.1765625 0.29453125
2 0.59140625 0.68984375 0.10859375 0.26328125
2 0.953125 0.875 0.09375 0.25
2 0.0765625 0.64453125 0.153125 0.25546875
2 0.1875 0.37890625 0.1234375 0.12578125
2 0.39296875 0.32734375 0.11328125 0.1546875
2 0.60859375 0.265625 0.06640625 0.08984375
2 0.43359375 0.2046875 0.078125 0.10390625
2 0.2640625 0.14296875 0.0890625 0.08515625
2 0.78671875 0.24296875 0.08203125 0.11015625
2 0.9328125 0.19921875 0.09453125 0.07890625
2 0.7484375 0.1546875 0.06015625 0.07109375