2 0.29140625 0.65078125 0.046875 0.08828125
2 0.34296875 0.45703125 0.0453125 0.04765625
2 0.4171875 0.51875 0.0546875 0.0515625
2 0.4890625 0.51796875 0.0484375 0.05
2 0.63984375 0.45625 0.03671875 0.04453125
2 0.34296875 0.5171875 0.05390625 0.05
2 0.48828125 0.45625 0.03828125 0.0453125
2 0.56875 0.515625 0.05 0.04296875
2 0.415625 0.33671875 0.04140625 0.03984375
2 0.41796875 0.39921875 0.04921875 0.03828125
2 0.48984375 0.33828125 0.03984375 0.04140625
2 0.64375 0.51484375 0.04375 0.04296875
2 0.48828125 0.39765625 0.04609375 0.04296875
2 0.56484375 0.45625 0.03203125 0.04453125
2 0.34921875 0.33359375 0.04140625 0.0359375
2 0.6453125 0.33671875 0.0359375 0.0453125
2 0.26015625 0.3921875 0.04921875 0.040625
2 0.334375 0.39609375 0.046875 0.03828125
2 0.2609375 0.45234375 0.04375 0.04609375
2 0.34375 0.6984375 0.05390625 0.040625
2 0.4234375 0.453125 0.04375 0.04140625
2 0.578125 0.3375 0.040625 0.04140625
2 0.2453125 0.33046875 0.04140625 0.04765625
2 0.5734375 0.39765625 0.0484375 0.04453125
2 0.56875 0.57265625 0.05078125 0.0515625
2 0.6515625 0.396875 0.040625 0.0421875
2 0.54609375 0.6703125 0.06328125 0.07109375
2 0.40078125 0.640625 0.04609375 0.0640625
2 0.34453125 0.63984375 0.04296875 0.06484375
2 0.31328125 0.66171875 0.03125 0.07421875
2 0.378125 0.65625 0.03671875 0.06953125
2 0.63359375 0.5703125 0.046875 0.04609375