2 0.05390625 0.28984375 0.06484375 0.32578125
2 0.18671875 0.303125 0.0859375 0.30078125
2 0.30078125 0.2953125 0.090625 0.29609375
2 0.409375 0.3015625 0.09453125 0.30078125
2 0.49921875 0.3 0.08515625 0.2984375
2 0.5921875 0.303125 0.09140625 0.2984375
2 0.68125 0.303125 0.084375 0.2953125
2 0.76171875 0.303125 0.0765625 0.29453125
2 0.725 0.325 0.734259259375 0.29722222187499997 0.74351851875 0.25 0.7490740734375 0.24722222187499998 0.7481481484375 0.16388888906250001 0.7416666671875001 0.15925925937500002 0.73055555625 0.15925925937500002 0.7203703703125 0.16944444375 0.7194444437499999 0.23055555625 0.709259259375 0.284259259375 0.7203703703125 0.32685185156249996 0.725 0.325
2 0.96640625 0.678125 0.06640625 0.28203125
2 0.9140625 0.68203125 0.0453125 0.271875
2 0.78046875 0.6875 0.06953125 0.27890625
2 0.70703125 0.6890625 0.0765625 0.28359375
2 0.6296875 0.69375 0.0890625 0.28359375
2 0.5484375 0.69140625 0.08984375 0.28515625
2 0.45859375 0.69453125 0.0859375 0.2890625
2 0.35078125 0.69765625 0.0859375 0.28828125
2 0.2625 0.69609375 0.08984375 0.2859375
2 0.17734375 0.6984375 0.0859375 0.29609375
2 0.04140625 0.69609375 0.0828125 0.2953125
2 0.42578125 0.68671875 0.05078125 0.290625
2 0.73046875 0.2359375 0.04296875 0.15703125
2 0.5515625 0.2453125 0.05 0.17890625
2 0.2671875 0.29921875 0.053125 0.2984375
2 0.246875 0.2984375 0.04609375 0.29375
2 0.15546875 0.24453125 0.04296875 0.18125
2 0.3703125 0.30078125 0.0546875 0.29609375
2 0.36328125 0.24296875 0.04375 0.178125
2 0.64765625 0.23671875 0.0484375 0.16171875
2 0.6234375 0.225 0.034375 0.1359375
2 0.4109375 0.6765625 0.05625 0.28515625