2 0.68359375 0.41171875 0.12109375 0.2703125
2 0.6921875 0.7828125 0.12109375 0.27265625
2 0.8890625 0.11640625 0.08828125 0.22578125
2 0.8015625 0.76328125 0.08828125 0.253125
2 0.8890625 0.43125 0.0796875 0.2140625
2 0.68046875 0.0875 0.11796875 0.16953125
2 0.31640625 0.80234375 0.62734375 0.31953125
2 0.79765625 0.4265625 0.10625 0.2453125
2 0.89453125 0.73984375 0.08515625 0.228125
2 0.30859375 0.384375 0.6171875 0.321875
2 0.9671875 0.43515625 0.065625 0.21640625
2 0.96875 0.13359375 0.06171875 0.21875
2 0.79296875 0.1046875 0.1078125 0.20859375
2 0.30390625 0.09453125 0.6078125 0.1890625
2 0.96953125 0.71015625 0.06015625 0.2109375