2 0.1421875 0.35 0.040625 0.115625
2 0.43359375 0.66171875 0.040625 0.11875
2 0.43984375 0.50078125 0.046875 0.1328125
2 0.284375 0.378125 0.046875 0.065625
2 0.1078125 0.35234375 0.0421875 0.1140625
2 0.54140625 0.503125 0.05625 0.140625
2 0.4984375 0.66640625 0.05625 0.1359375
2 0.03984375 0.35546875 0.040625 0.1109375
2 0.9734375 0.31875 0.0515625 0.1640625
2 0.0765625 0.353125 0.0390625 0.1140625
2 0.2125 0.63984375 0.04375 0.1234375
2 0.3453125 0.653125 0.046875 0.1171875
2 0.0234375 0.49140625 0.04375 0.1203125
2 0.4 0.5046875 0.04375 0.125
2 0.33828125 0.3765625 0.05 0.065625
2 0.596875 0.67578125 0.0578125 0.14375
2 0.45546875 0.37890625 0.0390625 0.06875
2 0.02578125 0.62421875 0.040625 0.1078125
2 0.11796875 0.49609375 0.046875 0.1171875
2 0.4984375 0.378125 0.0375 0.0703125
2 0.45625 0.665625 0.05 0.121875
2 0.0515625 0.62734375 0.04375 0.1109375
2 0.23671875 0.23046875 0.040625 0.0625
2 0.43984375 0.215625 0.0390625 0.0671875
2 0.24921875 0.5 0.04375 0.121875
2 0.2875 0.5 0.04375 0.125
2 0.3640625 0.503125 0.0390625 0.125
2 0.21640625 0.4984375 0.04375 0.121875
2 0.18828125 0.34921875 0.0484375 0.1296875
2 0.325 0.50234375 0.0421875 0.125
2 0.31953125 0.65078125 0.05 0.11875
2 0.48828125 0.50234375 0.0609375 0.134375
2 0.1828125 0.496875 0.05 0.11875
2 0.2828125 0.64609375 0.0484375 0.121875
2 0.0265625 0.24453125 0.04375 0.0625
2 0.0546875 0.49375 0.04375 0.1234375
2 0.17265625 0.784375 0.0875 0.146875
2 0.13671875 0.4953125 0.0515625 0.1171875
2 0.58984375 0.509375 0.0515625 0.1359375
2 0.3890625 0.65625 0.05 0.1203125
2 0.22421875 0.34765625 0.046875 0.128125
2 0.36328125 0.821875 0.071875 0.13125
2 0.68046875 0.37265625 0.0546875 0.0859375
2 0.5453125 0.6703125 0.059375 0.1390625
2 0.8515625 0.18203125 0.0609375 0.096875
2 0.07890625 0.49453125 0.05 0.1203125
2 0.6515625 0.67890625 0.0625 0.1484375
2 0.14453125 0.63828125 0.0484375 0.1140625
2 0.26875 0.228125 0.034375 0.0640625
2 0.03515625 0.76640625 0.0703125 0.134375
2 0.246875 0.6421875 0.0484375 0.1265625
2 0.2625 0.34921875 0.053125 0.1265625
2 0.078125 0.63125 0.046875 0.1109375
2 0.1078125 0.6359375 0.05 0.1140625
2 0.640625 0.5125 0.0515625 0.1390625
2 0.4140625 0.21015625 0.0390625 0.0828125
2 0.17890625 0.640625 0.053125 0.1234375
2 0.86640625 0.515625 0.05625 0.15
2 0.29453125 0.81171875 0.0703125 0.1265625
2 0.23515625 0.8015625 0.0671875 0.1265625
2 0.58046875 0.8578125 0.0828125 0.1453125
2 0.8078125 0.51640625 0.0546875 0.14375
2 0.69375 0.51484375 0.0515625 0.140625
2 0.75078125 0.5140625 0.05625 0.1453125
2 0.33984375 0.21484375 0.0390625 0.0875
2 0.103125 0.771875 0.090625 0.140625
2 0.49921875 0.84609375 0.0734375 0.1453125
2 0.428125 0.834375 0.0703125 0.1359375
2 0.3765625 0.21171875 0.040625 0.0890625
2 0.9109375 0.1765625 0.065625 0.1
2 0.625 0.37421875 0.053125 0.084375
2 0.3015625 0.2171875 0.0421875 0.084375
2 0.6640625 0.871875 0.0796875 0.159375
2 0.68828125 0.2046875 0.0546875 0.0765625
2 0.015625 0.35546875 0.03125 0.1140625
2 0.8984375 0.3609375 0.07734375 0.10546875
2 0.82109375 0.3625 0.07421875 0.103125
2 0.74765625 0.3640625 0.075 0.09921875
2 0.06640625 0.24140625 0.0359375 0.0578125
2 0.09921875 0.2375 0.03203125 0.0578125
2 0.128125 0.23515625 0.03125 0.059375
2 0.16015625 0.23203125 0.0421875 0.0625
2 0.59140625 0.20390625 0.05234375 0.075
2 0.54140625 0.20859375 0.046875 0.07578125
2 0.4953125 0.2125 0.05078125 0.0734375
2 0.740625 0.1984375 0.05390625 0.0765625
2 0.7953125 0.19140625 0.05546875 0.06875
2 0.41875 0.378125 0.0390625 0.06640625
2 0.38046875 0.37890625 0.040625 0.06875
2 0.953125 0.8875 0.09296875 0.1859375