2 0.2578125 0.1515625 0.134375 0.03515625
2 0.25546875 0.2453125 0.11328125 0.021875
2 0.25078125 0.328125 0.1140625 0.02421875
2 0.2546875 0.40625 0.11328125 0.02421875
2 0.259375 0.47890625 0.11328125 0.02421875
2 0.25234375 0.54765625 0.1140625 0.025
2 0.25390625 0.61171875 0.11328125 0.02578125
2 0.44375 0.6046875 0.03125 0.11484375
2 0.6296875 0.61171875 0.1109375 0.0265625
2 0.81796875 0.61171875 0.115625 0.0265625
2 0.8203125 0.54765625 0.11484375 0.025
2 0.8234375 0.478125 0.1140625 0.0234375
2 0.82109375 0.40546875 0.11484375 0.0234375
2 0.8203125 0.32734375 0.11484375 0.0234375
2 0.628125 0.3265625 0.115625 0.025
2 0.62890625 0.15703125 0.1109375 0.0265625
2 0.821875 0.15703125 0.10546875 0.02890625
2 0.6296875 0.24453125 0.11328125 0.0234375
2 0.62421875 0.40625 0.11328125 0.0234375
2 0.62578125 0.478125 0.1140625 0.025
2 0.43828125 0.54921875 0.115625 0.02890625
2 0.44375 0.478125 0.11328125 0.025
2 0.44375 0.40625 0.1140625 0.02421875
2 0.440625 0.32734375 0.11484375 0.0234375
2 0.44375 0.24453125 0.11171875 0.0234375
2 0.446875 0.15703125 0.11796875 0.02421875
2 0.971875 0.3265625 0.05546875 0.02578125
2 0.9703125 0.403125 0.059375 0.025
2 0.97578125 0.4765625 0.0484375 0.02578125
2 0.97421875 0.54921875 0.0515625 0.0296875
2 0.971875 0.6109375 0.05546875 0.028125
2 0.79296875 0.24453125 0.0609375 0.0234375
2 0.96328125 0.246875 0.06328125 0.01953125
2 0.9796875 0.15546875 0.040625 0.02578125
2 0.440625 0.61171875 0.115625 0.02421875
2 0.6265625 0.546875 0.11171875 0.0265625