2 0.53203125 0.76484375 0.0796875 0.4359375
2 0.46796875 0.73515625 0.0671875 0.41171875
2 0.625 0.76015625 0.08359375 0.4359375
2 0.6640625 0.69765625 0.05390625 0.4484375
2 0.6984375 0.66640625 0.05703125 0.4265625
2 0.41328125 0.71796875 0.071875 0.3875
2 0.359375 0.67890625 0.05859375 0.40703125
2 0.31484375 0.665625 0.0640625 0.39453125
2 0.27578125 0.64375 0.0421875 0.3796875
2 0.246875 0.63203125 0.05546875 0.36796875
2 0.1830065359375 0.58823529375 0.19771241875 0.7279411765625 0.20915032656250002 0.78676470625 0.23529411718749998 0.7916666671875 0.23529411718749998 0.75 0.2189542484375 0.6102941171875 0.2189542484375 0.580882353125 0.23039215624999998 0.546568628125 0.2173202609375 0.526960784375 0.20915032656250002 0.44362745156249994 0.19444444375 0.44362745156249994 0.18954248437500001 0.4485294125 0.18954248437500001 0.4681372546875 0.19444444375 0.544117646875 0.186274509375 0.5563725484375001 0.1830065359375 0.58823529375
2 0.72734375 0.63515625 0.0421875 0.40234375
2 0.58671875 0.66875 0.0359375 0.421875
2 0.55078125 0.57734375 0.04609375 0.25234375
2 0.4953125 0.55546875 0.0359375 0.2328125
2 0.75234375 0.609375 0.040625 0.3796875