2 0.65234375 0.659375 0.0609375 0.1296875
2 0.51640625 0.490625 0.0578125 0.1328125
2 0.46171875 0.4875 0.0515625 0.12734375
2 0.7828125 0.04296875 0.0671875 0.0859375
2 0.93671875 0.34921875 0.053125 0.125
2 0.49609375 0.6609375 0.059375 0.1359375
2 0.2453125 0.85078125 0.084375 0.1484375
2 0.0234375 0.48984375 0.046875 0.1484375
2 0.59921875 0.65703125 0.0484375 0.125
2 0.621875 0.2078125 0.059375 0.071875
2 0.8046875 0.225 0.059375 0.065625
2 0.40703125 0.6640625 0.05 0.1265625
2 0.15234375 0.17421875 0.0515625 0.08125
2 0.57109375 0.2046875 0.059375 0.075
2 0.56875 0.49453125 0.0578125 0.1328125
2 0.6703125 0.209375 0.05625 0.0703125
2 0.31171875 0.35625 0.0515625 0.0765625
2 0.725 0.375 0.05625 0.0796875
2 0.3609375 0.3609375 0.04375 0.078125
2 0.50625 0.36953125 0.04375 0.071875
2 0.40546875 0.365625 0.046875 0.071875
2 0.08125 0.665625 0.059375 0.1359375
2 0.54609375 0.6609375 0.059375 0.1375
2 0.8859375 0.81171875 0.1 0.159375
2 0.7078125 0.21328125 0.059375 0.065625
2 0.88984375 0.22109375 0.0515625 0.078125
2 0.08515625 0.31171875 0.0546875 0.1453125
2 0.1328125 0.6625 0.053125 0.140625
2 0.57109375 0.84296875 0.09375 0.1375
2 0.44921875 0.665625 0.0515625 0.128125
2 0.25859375 0.31796875 0.0546875 0.146875
2 0.54609375 0.371875 0.04375 0.071875
2 0.03046875 0.3078125 0.0609375 0.146875
2 0.93359375 0.2234375 0.053125 0.078125
2 0.15390625 0.31171875 0.053125 0.146875
2 0.1796875 0.66171875 0.0515625 0.140625
2 0.16328125 0.853125 0.0828125 0.1484375
2 0.6703125 0.37109375 0.0515625 0.078125
2 0.52109375 0.19609375 0.0484375 0.065625
2 0.02734375 0.66796875 0.0546875 0.1375
2 0.490625 0.84453125 0.0828125 0.1453125
2 0.1171875 0.48984375 0.053125 0.1484375
2 0.36171875 0.4984375 0.0515625 0.134375
2 0.16796875 0.49296875 0.053125 0.140625
2 0.41015625 0.5 0.0515625 0.1390625
2 0.36953125 0.665625 0.05625 0.1296875
2 0.6171875 0.5015625 0.0546875 0.128125
2 0.265625 0.4953125 0.05625 0.1390625
2 0.2609375 0.18125 0.0453125 0.078125
2 0.959375 0.8109375 0.078125 0.15625
2 0.6484375 0.8359375 0.0828125 0.140625
2 0.21875 0.49453125 0.05625 0.140625
2 0.06640625 0.48984375 0.059375 0.1484375
2 0.228125 0.66328125 0.0515625 0.1375
2 0.20703125 0.31484375 0.0546875 0.1484375
2 0.3515625 0.1796875 0.0453125 0.096875
2 0.665625 0.50390625 0.0515625 0.1296875
2 0.3140625 0.496875 0.0546875 0.1390625
2 0.40234375 0.18203125 0.0484375 0.096875
2 0.9578125 0.35 0.0609375 0.125
2 0.275 0.6625 0.0515625 0.1375
2 0.4828125 0.1875 0.0359375 0.0859375
2 0.44921875 0.18515625 0.0453125 0.096875
2 0.321875 0.6625 0.0546875 0.1359375
2 0.309375 0.18671875 0.046875 0.0765625
2 0.334375 0.8453125 0.084375 0.1484375
2 0.8546875 0.50546875 0.0640625 0.1296875
2 0.41171875 0.846875 0.0796875 0.1453125
2 0.7625 0.5078125 0.05625 0.1296875
2 0.80390625 0.50703125 0.0578125 0.1296875
2 0.7140625 0.50703125 0.059375 0.13125
2 0.921875 0.64765625 0.1 0.1296875
2 0.765625 0.21796875 0.06875 0.071875
2 0.97578125 0.653125 0.046875 0.1171875
2 0.06328125 0.8453125 0.1171875 0.16796875
2 0.10234375 0.16328125 0.0578125 0.0765625
2 0.046875 0.1625 0.06171875 0.07890625
2 0.2078125 0.178125 0.05390625 0.0796875
2 0.85390625 0.225 0.03984375 0.0703125
2 0.89765625 0.3734375 0.065625 0.09453125
2 0.83984375 0.37109375 0.0765625 0.08984375
2 0.778125 0.36953125 0.06015625 0.08671875
2 0.45546875 0.36328125 0.05234375 0.07578125
2 0.94765625 0.49765625 0.1046875 0.1296875