2 0.9484375 0.5859375 0.0375 0.10625
2 0.92578125 0.1828125 0.0671875 0.078125
2 0.709375 0.3109375 0.0421875 0.059375
2 0.9 0.7171875 0.075 0.0890625
2 0.3828125 0.1625 0.034375 0.046875
2 0.31484375 0.28359375 0.03671875 0.0734375
2 0.48125 0.57578125 0.04375 0.1203125
2 0.44453125 0.57421875 0.04375 0.11875
2 0.103125 0.27109375 0.034375 0.0796875
2 0.665625 0.58359375 0.04375 0.1140625
2 0.13515625 0.1296875 0.040625 0.0796875
2 0.70546875 0.58828125 0.04375 0.1015625
2 0.52578125 0.865625 0.0828125 0.134375
2 0.1859375 0.1203125 0.0515625 0.10625
2 0.4546875 0.715625 0.06875 0.0984375
2 0.5171875 0.575 0.04375 0.121875
2 0.6296875 0.57578125 0.0453125 0.125
2 0.01640625 0.12421875 0.0328125 0.0765625
2 0.70546875 0.1546875 0.0765625 0.10625
2 0.4140625 0.29921875 0.0359375 0.0484375
2 0.86875 0.17890625 0.0484375 0.0734375
2 0.05703125 0.87578125 0.1078125 0.1484375
2 0.41484375 0.57734375 0.046875 0.1203125
2 0.5515625 0.575 0.0421875 0.125
2 0.5921875 0.57578125 0.046875 0.1265625
2 0.346875 0.16015625 0.0359375 0.046875
2 0.065625 0.26875 0.0421875 0.078125
2 0.13046875 0.4140625 0.053125 0.0984375
2 0.78046875 0.584375 0.046875 0.1140625
2 0.59453125 0.41953125 0.0484375 0.1171875
2 0.0828125 0.4109375 0.0515625 0.0984375
2 0.19921875 0.40546875 0.0484375 0.1265625
2 0.74609375 0.58359375 0.05 0.1140625
2 0.98046875 0.18671875 0.0359375 0.075
2 0.1390625 0.27265625 0.0421875 0.0796875
2 0.915625 0.5875 0.046875 0.10625
2 0.178125 0.56796875 0.04140625 0.128125
2 0.971875 0.309375 0.05625 0.084375
2 0.6328125 0.42109375 0.046875 0.1171875
2 0.37890625 0.575 0.046875 0.1203125
2 0.09140625 0.56875 0.0453125 0.121875
2 0.2703125 0.28046875 0.05 0.0765625
2 0.66875 0.4234375 0.0515625 0.1171875
2 0.13984375 0.56640625 0.05 0.128125
2 0.28203125 0.409375 0.04375 0.1265625
2 0.38125 0.3 0.0375 0.046875
2 0.44609375 0.3 0.034375 0.0515625
2 0.025 0.40859375 0.05 0.10625
2 0.32421875 0.40859375 0.0453125 0.128125
2 0.465625 0.15859375 0.0484375 0.0609375
2 0.3625 0.4109375 0.046875 0.1265625
2 0.09609375 0.12734375 0.0390625 0.08125
2 0.05078125 0.57265625 0.0453125 0.11875
2 0.528125 0.415625 0.05 0.121875
2 0.81875 0.43515625 0.053125 0.1078125
2 0.35078125 0.2875 0.0359375 0.0671875
2 0.40625 0.4125 0.0484375 0.125
2 0.05859375 0.12421875 0.040625 0.084375
2 0.2265625 0.26328125 0.05 0.109375
2 0.2265625 0.11953125 0.040625 0.109375
2 0.21796875 0.57578125 0.05 0.121875
2 0.33984375 0.57421875 0.0453125 0.121875
2 0.18125 0.26015625 0.040625 0.1078125
2 0.4453125 0.4140625 0.0515625 0.1234375
2 0.490625 0.41484375 0.0515625 0.1234375
2 0.41875 0.1546875 0.046875 0.0640625
2 0.23828125 0.4078125 0.05 0.1296875
2 0.29921875 0.5765625 0.0484375 0.121875
2 0.86328125 0.57578125 0.0578125 0.128125
2 0.78125 0.43359375 0.0453125 0.10625
2 0.6171875 0.3046875 0.046875 0.0578125
2 0.26171875 0.57421875 0.0484375 0.121875
2 0.7078125 0.42578125 0.05 0.115625
2 0.7484375 0.3078125 0.0484375 0.0703125
2 0.74609375 0.4328125 0.0453125 0.10625
2 0.2671875 0.14140625 0.04375 0.0765625
2 0.79296875 0.309375 0.046875 0.06875
2 0.8171875 0.578125 0.0546875 0.128125
2 0.309375 0.1421875 0.0375 0.0765625
2 0.4828125 0.29765625 0.0453125 0.0625
2 0.43125 0.8703125 0.0796875 0.1390625
2 0.51953125 0.3 0.046875 0.0625
2 0.57109375 0.30078125 0.0453125 0.0609375
2 0.88125 0.84921875 0.0625 0.10625
2 0.0265625 0.55859375 0.0015625 0.0015625
2 0.015625 0.57109375 0.03125 0.1203125
2 0.88515625 0.06875 0.1984375 0.040625
2 0.7046875 0.0359375 0.1671875 0.0703125
2 0.528125 0.03125 0.1984375 0.0625
2 0.32578125 0.8671875 0.0890625 0.1328125
2 0.228125 0.8671875 0.10546875 0.13359375
2 0.37578125 0.71875 0.06875 0.10390625
2 0.32578125 0.7109375 0.0421875 0.09375
2 0.27421875 0.71875 0.078125 0.1125
2 0.21015625 0.7015625 0.06796875 0.06796875
2 0.11953125 0.71640625 0.06875 0.09765625
2 0.040625 0.7109375 0.08125 0.1
2 0.6078125 0.83359375 0.07734375 0.07890625
2 0.80625 0.86953125 0.1015625 0.140625
2 0.70234375 0.86875 0.10390625 0.14609375
2 0.5421875 0.7203125 0.0796875 0.10390625
2 0.90703125 0.30859375 0.06796875 0.0765625
2 0.846875 0.3046875 0.0609375 0.07421875
2 0.82578125 0.178125 0.0375 0.075
2 0.77265625 0.1546875 0.07265625 0.10234375
2 0.6703125 0.309375 0.0453125 0.06171875
2 0.8859375 0.4296875 0.06796875 0.11484375
2 0.9578125 0.4421875 0.05625 0.096875
2 0.5625 0.41640625 0.03203125 0.1140625