2 0.475 0.21875 0.0515625 0.1609375
2 0.275 0.23046875 0.05625 0.15
2 0.32578125 0.22734375 0.05625 0.1515625
2 0.7859375 0.20234375 0.053125 0.1625
2 0.42265625 0.22109375 0.0546875 0.1578125
2 0.140625 0.240625 0.0515625 0.1421875
2 0.62109375 0.21953125 0.0515625 0.146875
2 0.18515625 0.2375 0.053125 0.1453125
2 0.5234375 0.21796875 0.0515625 0.159375
2 0.2296875 0.2359375 0.0546875 0.1453125
2 0.83984375 0.20390625 0.059375 0.1609375
2 0.36875 0.2234375 0.05625 0.15625
2 0.89609375 0.19921875 0.0625 0.16875
2 0.56953125 0.21953125 0.0515625 0.153125
2 0.728125 0.2140625 0.0578125 0.15
2 0.6703125 0.2171875 0.0546875 0.1484375