2 0.1375 0.38515625 0.05859375 0.25234375
2 0.07734375 0.3859375 0.06171875 0.24765625
2 0.2734375 0.34765625 0.0703125 0.3140625
2 0.21015625 0.40234375 0.06015625 0.20625
2 0.9625 0.83984375 0.075 0.215625
2 0.73125 0.40546875 0.0765625 0.2109375
2 0.3390625 0.36171875 0.05859375 0.29921875
2 0.2875 0.82265625 0.06015625 0.27421875
2 0.36484375 0.7890625 0.0640625 0.33828125
2 0.5046875 0.38828125 0.05546875 0.2328125
2 0.878125 0.37890625 0.0640625 0.26953125
2 0.41640625 0.40234375 0.0703125 0.20859375
2 0.8359375 0.79375 0.0640625 0.31875
2 0.81015625 0.37109375 0.06015625 0.28671875
2 0.9 0.7890625 0.06171875 0.3109375
2 0.64765625 0.39453125 0.075 0.23515625
2 0.57265625 0.403125 0.0671875 0.21328125
2 0.1296875 0.81875 0.05703125 0.271875
2 0.953125 0.37890625 0.0703125 0.271875
2 0.76875 0.79296875 0.05234375 0.31875
2 0.71328125 0.79140625 0.05390625 0.31875
2 0.65234375 0.79140625 0.06875 0.31875
2 0.58515625 0.79765625 0.0640625 0.3109375
2 0.5171875 0.79140625 0.0671875 0.32109375
2 0.44765625 0.790625 0.06875 0.328125
2 0.2 0.8515625 0.075 0.20859375
2 0.07265625 0.79296875 0.06015625 0.3109375
2 0.021875 0.79296875 0.0421875 0.3140625