2 0.86171875 0.7125 0.046875 0.121875
2 0.21328125 0.55546875 0.0515625 0.109375
2 0.6796875 0.85859375 0.08125 0.1234375
2 0.28515625 0.1796875 0.0609375 0.1125
2 0.5453125 0.17421875 0.0671875 0.096875
2 0.3453125 0.178125 0.0625 0.1078125
2 0.84375 0.15703125 0.0671875 0.0953125
2 0.96875 0.284375 0.0625 0.075
2 0.49375 0.421875 0.0390625 0.0703125
2 0.21484375 0.31328125 0.0609375 0.0671875
2 0.40625 0.1828125 0.0546875 0.0953125
2 0.1484375 0.309375 0.0640625 0.078125
2 0.83984375 0.87265625 0.08125 0.1296875
2 0.63984375 0.42109375 0.0515625 0.075
2 0.95703125 0.41875 0.0625 0.059375
2 0.73515625 0.15703125 0.046875 0.115625
2 0.02265625 0.43359375 0.0453125 0.1265625
2 0.3125 0.41953125 0.0359375 0.078125
2 0.02578125 0.31171875 0.0515625 0.0796875
2 0.21875 0.16640625 0.084375 0.1375
2 0.59296875 0.41796875 0.05 0.065625
2 0.38671875 0.40859375 0.05625 0.0953125
2 0.69453125 0.42109375 0.0546875 0.0703125
2 0.90859375 0.284375 0.0546875 0.0734375
2 0.640625 0.1640625 0.0515625 0.1109375
2 0.89296875 0.7203125 0.0484375 0.128125
2 0.4453125 0.409375 0.0578125 0.09375
2 0.6875 0.16171875 0.0484375 0.1125
2 0.54453125 0.42109375 0.053125 0.0734375
2 0.81875 0.7265625 0.0609375 0.115625
2 0.7578125 0.8671875 0.0859375 0.13125
2 0.79765625 0.290625 0.05625 0.0703125
2 0.68359375 0.30546875 0.0515625 0.0546875
2 0.825 0.42109375 0.06875 0.06875
2 0.58984375 0.165625 0.0546875 0.1125
2 0.22890625 0.41875 0.04375 0.0796875
2 0.9421875 0.721875 0.053125 0.1328125
2 0.85390625 0.2890625 0.059375 0.0734375
2 0.3609375 0.3046875 0.06875 0.075
2 0.54453125 0.70703125 0.0734375 0.134375
2 0.91796875 0.8765625 0.0828125 0.1421875
2 0.178125 0.5578125 0.0609375 0.1078125
2 0.28984375 0.309375 0.0625 0.075
2 0.25390625 0.55234375 0.0578125 0.11875
2 0.06015625 0.43203125 0.0625 0.13125
2 0.7578125 0.71875 0.0625 0.1203125
2 0.3734375 0.54921875 0.059375 0.121875
2 0.3171875 0.5515625 0.0625 0.1203125
2 0.7390625 0.41953125 0.0578125 0.071875
2 0.61484375 0.7140625 0.0625 0.1296875
2 0.27109375 0.41796875 0.0421875 0.078125
2 0.89296875 0.4203125 0.059375 0.0640625
2 0.94296875 0.5578125 0.071875 0.13125
2 0.87734375 0.5578125 0.065625 0.13125
2 0.684375 0.7140625 0.0640625 0.128125
2 0.73203125 0.3015625 0.0515625 0.059375
2 0.68046875 0.54765625 0.0671875 0.1375
2 0.81328125 0.5578125 0.0640625 0.1328125
2 0.746875 0.55703125 0.065625 0.1265625
2 0.51640625 0.5484375 0.065625 0.1328125
2 0.44140625 0.54921875 0.0671875 0.1359375
2 0.5953125 0.54765625 0.0703125 0.1359375
2 0.96953125 0.1515625 0.0609375 0.090625
2 0.471875 0.1765625 0.0703125 0.0953125
2 0.91015625 0.15703125 0.0609375 0.084375
2 0.7890625 0.16171875 0.05546875 0.0859375
2 0.11640625 0.16953125 0.1171875 0.13828125
2 0.03046875 0.17421875 0.0609375 0.1421875