2 0.728125 0.165625 0.0390625 0.1765625
2 0.28046875 0.57578125 0.04765625 0.1890625
2 0.21953125 0.14375 0.05078125 0.22578125
2 0.865625 0.14609375 0.04375 0.23984375
2 0.309375 0.17265625 0.0765625 0.16171875
2 0.40078125 0.1640625 0.04375 0.18125
2 0.66171875 0.1703125 0.08203125 0.16875
2 0.80625 0.13203125 0.04765625 0.23984375
2 0.9296875 0.159375 0.04921875 0.18125
2 0.68984375 0.528125 0.04375 0.2890625
2 0.74375 0.52734375 0.04375 0.28203125
2 0.8375 0.53515625 0.04765625 0.27421875
2 0.421875 0.58125 0.08671875 0.18125
2 0.34296875 0.540625 0.0375 0.26484375
2 0.2125 0.57578125 0.05390625 0.19140625
2 0.15390625 0.53671875 0.04375 0.26953125
2 0.12109375 0.14453125 0.04921875 0.21328125
2 0.7890625 0.528125 0.05078125 0.28203125