2 0.4125 0.090625 0.03125 0.0640625
2 0.021875 0.3421875 0.0421875 0.1265625
2 0.26875 0.5265625 0.053125 0.125
2 0.10703125 0.4953125 0.1 0.13359375
2 0.1375 0.3859375 0.0421875 0.1203125
2 0.0328125 0.64765625 0.065625 0.1171875
2 0.15703125 0.10625 0.05625 0.065625
2 0.6859375 0.06875 0.04375 0.0734375
2 0.48671875 0.37421875 0.05 0.1359375
2 0.21171875 0.3828125 0.04375 0.1203125
2 0.8375 0.8875 0.1140625 0.16875
2 0.36328125 0.53046875 0.0453125 0.125
2 0.26640625 0.38359375 0.0453125 0.1203125
2 0.0984375 0.10859375 0.0609375 0.065625
2 0.17578125 0.52578125 0.04375 0.1296875
2 0.3234375 0.53046875 0.046875 0.1265625
2 0.16484375 0.6671875 0.0546875 0.109375
2 0.24609375 0.3828125 0.04375 0.11875
2 0.5296875 0.375 0.05 0.1359375
2 0.44140625 0.08515625 0.05625 0.0640625
2 0.4734375 0.67734375 0.05625 0.121875
2 0.39140625 0.2234375 0.0453125 0.1125
2 0.32109375 0.22578125 0.0375 0.10625
2 0.17265625 0.38046875 0.0484375 0.1265625
2 0.21640625 0.6671875 0.053125 0.109375
2 0.4296875 0.6765625 0.0453125 0.1171875
2 0.50625 0.21953125 0.0484375 0.1203125
2 0.496875 0.08125 0.053125 0.0671875
2 0.44375 0.37734375 0.053125 0.134375
2 0.715625 0.06640625 0.0421875 0.0765625
2 0.1046875 0.65 0.09375 0.1296875
2 0.5640625 0.6796875 0.0453125 0.125
2 0.03359375 0.5015625 0.0671875 0.125
2 0.38125 0.09140625 0.0359375 0.0640625
2 0.46484375 0.221875 0.0453125 0.1203125
2 0.35390625 0.22578125 0.040625 0.109375
2 0.3078125 0.3828125 0.0484375 0.121875
2 0.21328125 0.1046875 0.0515625 0.0609375
2 0.42578125 0.22421875 0.04375 0.115625
2 0.54453125 0.53125 0.05 0.1328125
2 0.60859375 0.68125 0.0453125 0.128125
2 0.4109375 0.53125 0.05 0.128125
2 0.4546875 0.53203125 0.05 0.125
2 0.38828125 0.675 0.046875 0.1203125
2 0.240625 0.23125 0.053125 0.0984375
2 0.4015625 0.37734375 0.0515625 0.13125
2 0.49765625 0.53125 0.05 0.13125
2 0.35234375 0.3796875 0.0546875 0.1296875
2 0.2875 0.23046875 0.0453125 0.096875
2 0.26171875 0.66953125 0.05 0.115625
2 0.72109375 0.88125 0.096875 0.171875
2 0.6609375 0.68671875 0.0546875 0.125
2 0.35078125 0.671875 0.0484375 0.11875
2 0.03359375 0.8296875 0.065625 0.1609375
2 0.8953125 0.20703125 0.0578125 0.1140625
2 0.55078125 0.078125 0.05 0.06875
2 0.33125 0.09453125 0.0421875 0.0640625
2 0.66796875 0.0703125 0.05 0.075
2 0.90078125 0.05546875 0.0578125 0.0859375
2 0.30234375 0.671875 0.0484375 0.115625
2 0.76328125 0.69140625 0.0546875 0.1265625
2 0.76171875 0.53515625 0.0546875 0.1390625
2 0.69921875 0.38359375 0.0515625 0.1171875
2 0.60546875 0.85859375 0.1046875 0.184375
2 0.10625 0.8328125 0.1140625 0.1578125
2 0.7015625 0.534375 0.05625 0.1375
2 0.7140625 0.6890625 0.053125 0.125
2 0.07265625 0.33671875 0.08671875 0.134375
2 0.81171875 0.53984375 0.05625 0.1359375
2 0.26328125 0.09921875 0.0484375 0.0671875
2 0.57265625 0.37265625 0.059375 0.1421875
2 0.59375 0.53046875 0.0578125 0.1390625
2 0.78125 0.05625 0.0625 0.09375
2 0.6453125 0.53125 0.0546875 0.1375
2 0.29921875 0.83984375 0.0921875 0.1625
2 0.6015625 0.07265625 0.0484375 0.0796875
2 0.51015625 0.84921875 0.09375 0.175
2 0.81484375 0.69453125 0.0578125 0.128125
2 0.6296875 0.37421875 0.0578125 0.14375
2 0.84375 0.0515625 0.0609375 0.09375
2 0.865625 0.696875 0.059375 0.1265625
2 0.8671875 0.546875 0.0640625 0.1234375
2 0.82265625 0.2109375 0.0609375 0.1078125
2 0.39375 0.846875 0.0921875 0.1671875
2 0.203125 0.83359375 0.0984375 0.1578125
2 0.75703125 0.38203125 0.059375 0.121875
2 0.89765625 0.384375 0.06875 0.1203125
2 0.8234375 0.3859375 0.06875 0.1171875
2 0.18671875 0.240625 0.0609375 0.0796875
2 0.13203125 0.2421875 0.05703125 0.07890625
2 0.52578125 0.66796875 0.0390625 0.121875