2 0.9203125 0.46796875 0.159375 0.5921875
2 0.84296875 0.63359375 0.3140625 0.7328125
2 0.6953125 0.67109375 0.321875 0.6578125
2 0.51875 0.70703125 0.26953125 0.5859375
2 0.34765625 0.74296875 0.215625 0.5140625
2 0.18203125 0.77890625 0.18125 0.4421875
2 0.74296875 0.2265625 0.2828125 0.453125
2 0.91171875 0.16328125 0.1765625 0.3265625
2 0.5953125 0.27578125 0.26640625 0.5515625
2 0.44453125 0.31796875 0.2515625 0.6359375
2 0.29609375 0.35625 0.26484375 0.7125
2 0.1671875 0.40625 0.2171875 0.7515625
2 0.06953125 0.44453125 0.1390625 0.77578125