2 0.675 0.11171875 0.0390625 0.071875
2 0.17890625 0.2578125 0.059375 0.084375
2 0.1546875 0.39921875 0.05 0.13125
2 0.15 0.11640625 0.05625 0.0671875
2 0.0890625 0.11484375 0.053125 0.0640625
2 0.81875 0.88671875 0.1203125 0.1703125
2 0.103125 0.40078125 0.0515625 0.125
2 0.21640625 0.403125 0.0484375 0.1265625
2 0.21328125 0.11796875 0.05625 0.0640625
2 0.3984375 0.246875 0.040625 0.109375
2 0.36015625 0.2484375 0.0359375 0.1109375
2 0.40078125 0.11328125 0.05 0.06875
2 0.7234375 0.1109375 0.04375 0.071875
2 0.34921875 0.11484375 0.0515625 0.0671875
2 0.53125 0.4 0.046875 0.1296875
2 0.46171875 0.7 0.04375 0.1171875
2 0.79453125 0.553125 0.053125 0.1328125
2 0.48515625 0.3984375 0.05 0.13125
2 0.71015625 0.88203125 0.109375 0.1671875
2 0.25703125 0.40390625 0.0484375 0.11875
2 0.2734375 0.11484375 0.0421875 0.0671875
2 0.403125 0.5546875 0.0484375 0.1296875
2 0.49375 0.553125 0.05 0.1296875
2 0.45078125 0.11328125 0.0484375 0.0671875
2 0.83828125 0.55390625 0.0546875 0.1296875
2 0.33515625 0.7 0.046875 0.1234375
2 0.5125 0.1140625 0.05 0.06875
2 0.30390625 0.4046875 0.0515625 0.1234375
2 0.41953125 0.7 0.046875 0.125
2 0.04296875 0.3609375 0.0828125 0.1578125
2 0.37578125 0.7015625 0.046875 0.1234375
2 0.32421875 0.2484375 0.040625 0.109375
2 0.45 0.553125 0.0484375 0.128125
2 0.25 0.553125 0.0546875 0.1296875
2 0.440625 0.3984375 0.053125 0.13125
2 0.3578125 0.55390625 0.046875 0.1296875
2 0.434375 0.2484375 0.04375 0.1125
2 0.53984375 0.55390625 0.0515625 0.128125
2 0.3515625 0.39921875 0.0515625 0.134375
2 0.3125 0.55546875 0.0515625 0.1296875
2 0.69921875 0.70234375 0.05 0.121875
2 0.1328125 0.70390625 0.053125 0.121875
2 0.3953125 0.39921875 0.0515625 0.13125
2 0.575 0.39921875 0.0546875 0.134375
2 0.18359375 0.70234375 0.053125 0.1171875
2 0.61640625 0.11171875 0.04375 0.075
2 0.28125 0.7 0.0484375 0.121875
2 0.51484375 0.246875 0.046875 0.1140625
2 0.51484375 0.6921875 0.04375 0.1171875
2 0.58671875 0.55390625 0.05 0.1328125
2 0.23359375 0.25078125 0.0515625 0.0984375
2 0.5984375 0.6984375 0.046875 0.121875
2 0.55546875 0.6984375 0.046875 0.121875
2 0.74375 0.5515625 0.0546875 0.13125
2 0.47421875 0.246875 0.0453125 0.115625
2 0.8390625 0.7015625 0.05 0.1203125
2 0.38046875 0.87578125 0.0953125 0.1765625
2 0.64921875 0.7015625 0.0484375 0.1203125
2 0.690625 0.5515625 0.0515625 0.13125
2 0.78046875 0.1046875 0.05625 0.084375
2 0.56484375 0.1140625 0.0515625 0.0703125
2 0.5984375 0.875 0.1 0.175
2 0.6375 0.553125 0.0515625 0.1328125
2 0.1703125 0.88125 0.1078125 0.175
2 0.7453125 0.70078125 0.05 0.1203125
2 0.4984375 0.875 0.0984375 0.178125
2 0.875 0.4109375 0.053125 0.1078125
2 0.2375 0.69921875 0.0515625 0.125
2 0.05703125 0.68828125 0.1 0.146875
2 0.2859375 0.2515625 0.046875 0.1015625
2 0.79375 0.7015625 0.05 0.1203125
2 0.63125 0.39765625 0.059375 0.1359375
2 0.69140625 0.4078125 0.0546875 0.109375
2 0.27578125 0.87890625 0.1046875 0.171875
2 0.83828125 0.10625 0.05625 0.0859375
2 0.74765625 0.4078125 0.05625 0.1109375
2 0.8796875 0.11015625 0.053125 0.08125
2 0.81015625 0.41171875 0.0609375 0.1078125
2 0.115625 0.25546875 0.06484375 0.0859375
2 0.88125 0.24765625 0.06015625 0.09921875
2 0.8171875 0.246875 0.0609375 0.0953125
2 0.15078125 0.5578125 0.0546875 0.1296875
2 0.06640625 0.5359375 0.10390625 0.14921875
2 0.0609375 0.8890625 0.1140625 0.17421875