2 0.24453125 0.66640625 0.15703125 0.07578125
2 0.234375 0.60078125 0.1640625 0.065625
2 0.2484375 0.528125 0.15859375 0.0546875
2 0.240625 0.45234375 0.16875 0.04921875
2 0.23671875 0.37578125 0.1765625 0.04140625
2 0.23671875 0.29765625 0.184375 0.04921875
2 0.2484375 0.21328125 0.17421875 0.06015625
2 0.39921875 0.31015625 0.13203125 0.03828125
2 0.4015625 0.37109375 0.11796875 0.0375
2 0.403125 0.4359375 0.11328125 0.0390625
2 0.39921875 0.496875 0.11953125 0.04453125
2 0.4984375 0.475 0.08828125 0.0328125
2 0.50859375 0.37109375 0.0890625 0.03125
2 0.51484375 0.3140625 0.09453125 0.0359375
2 0.665625 0.36015625 0.0359375 0.0875