2 0.94375 0.153125 0.1125 0.30625
2 0.7859375 0.15078125 0.1734375 0.3015625
2 0.578125 0.15390625 0.15390625 0.2796875
2 0.16015625 0.14375 0.18984375 0.28671875
2 0.1640625 0.4671875 0.184375 0.25078125
2 0.3765625 0.43984375 0.15234375 0.2625
2 0.5859375 0.4828125 0.15546875 0.253125
2 0.7828125 0.50234375 0.1734375 0.2484375
2 0.93984375 0.45546875 0.1203125 0.2828125
2 0.93359375 0.77734375 0.13203125 0.24375
2 0.75390625 0.80234375 0.1484375 0.2171875
2 0.58125 0.8046875 0.15859375 0.2359375
2 0.3703125 0.78671875 0.1453125 0.21484375
2 0.1609375 0.76171875 0.18125 0.2265625
2 0.371875 0.140625 0.15625 0.28125
2 0.034375 0.76015625 0.06875 0.22421875
2 0.03671875 0.42265625 0.0734375 0.3109375
2 0.03671875 0.13828125 0.071875 0.275