2 0.215625 0.8 0.040625 0.19296875
2 0.40703125 0.52265625 0.04921875 0.178125
2 0.71875 0.47578125 0.059375 0.19453125
2 0.45390625 0.515625 0.046875 0.1765625
2 0.78046875 0.45390625 0.0609375 0.22109375
2 0.3890625 0.79296875 0.05078125 0.19296875
2 0.55546875 0.78125 0.05078125 0.19921875
2 0.75703125 0.78125 0.06171875 0.2015625
2 0.70078125 0.78203125 0.0546875 0.2015625
2 0.18203125 0.5578125 0.0390625 0.16640625
2 0.30078125 0.78203125 0.04140625 0.165625
2 0.171875 0.803125 0.04296875 0.18828125
2 0.06328125 0.80625 0.040625 0.1390625
2 0.10078125 0.80390625 0.040625 0.13671875
2 0.50234375 0.50625 0.0484375 0.1796875
2 0.25859375 0.5515625 0.04609375 0.153125
2 0.259375 0.796875 0.04921875 0.19375
2 0.0234375 0.8203125 0.03515625 0.159375
2 0.21875 0.553125 0.03671875 0.1703125
2 0.50078125 0.9765625 0.0296875 0.046875
2 0.2984375 0.54375 0.03984375 0.11796875
2 0.1953125 0.98515625 0.021875 0.0296875
2 0.82578125 0.97734375 0.03046875 0.0453125
2 0.71484375 0.9875 0.0234375 0.0234375
2 0.30703125 0.98515625 0.025 0.0296875
2 0.86953125 0.459375 0.03828125 0.1703125
2 0.840625 0.459375 0.05859375 0.20078125
2 0.5921875 0.49453125 0.04140625 0.1546875
2 0.553125 0.49609375 0.05390625 0.18671875
2 0.4359375 0.79296875 0.04140625 0.18671875
2 0.465625 0.790625 0.046875 0.19296875
2 0.515625 0.78828125 0.03671875 0.190625
2 0.85 0.7765625 0.04296875 0.2046875
2 0.81953125 0.775 0.06328125 0.2109375
2 0.55625 0.9765625 0.02421875 0.04609375
2 0.53046875 0.97734375 0.0171875 0.0453125
2 0.23671875 0.98515625 0.0296875 0.0296875
2 0.27578125 0.98359375 0.025 0.03203125
2 0.1 0.98515625 0.0296875 0.0296875
2 0.06328125 0.9859375 0.03359375 0.0265625
2 0.0328125 0.98515625 0.028125 0.0296875
2 0.41875 0.98515625 0.025 0.0296875
2 0.46328125 0.9859375 0.028125 0.028125
2 0.77109375 0.98515625 0.028125 0.0296875
2 0.8 0.98671875 0.025 0.0265625
2 0.853125 0.9765625 0.0265625 0.046875