2 0.7921875 0.6171875 0.0625 0.0640625
2 0.83515625 0.51015625 0.0625 0.0640625
2 0.74609375 0.51328125 0.05625 0.0609375
2 0.70234375 0.61875 0.0609375 0.0640625
2 0.4453125 0.46953125 0.06875 0.05625
2 0.578125 0.3640625 0.059375 0.0546875
2 0.40078125 0.36640625 0.06875 0.0546875
2 0.7046875 0.29140625 0.075 0.175
2 0.32890625 0.5125 0.0703125 0.0625
2 0.23828125 0.5125 0.075 0.05625
2 0.2796875 0.61640625 0.0734375 0.059375
2 0.19140625 0.61640625 0.0796875 0.059375
2 0.196875 0.27109375 0.0609375 0.2171875