2 0.5078125 0.15625 0.16015625 0.03203125
2 0.5734375 0.21953125 0.15703125 0.0265625
2 0.42421875 0.221875 0.140625 0.03203125
2 0.5640625 0.28515625 0.14921875 0.02890625
2 0.4234375 0.28359375 0.13671875 0.02734375
2 0.56640625 0.34921875 0.14921875 0.02890625
2 0.42265625 0.34765625 0.1359375 0.0265625
2 0.57578125 0.4125 0.146875 0.02578125
2 0.42734375 0.41171875 0.14375 0.0265625
2 0.56953125 0.4734375 0.14453125 0.03203125
2 0.4265625 0.4734375 0.140625 0.03125
2 0.4265625 0.5359375 0.140625 0.03125
2 0.57421875 0.53671875 0.15078125 0.03125
2 0.57890625 0.5984375 0.14140625 0.034375
2 0.4296875 0.5984375 0.14296875 0.034375
2 0.5640625 0.6640625 0.146875 0.034375
2 0.42421875 0.66328125 0.13203125 0.03125
2 0.5734375 0.728125 0.146875 0.03203125
2 0.42890625 0.72734375 0.140625 0.03125
2 0.565625 0.790625 0.14453125 0.0328125
2 0.4265625 0.790625 0.13515625 0.03203125
2 0.95703125 0.39765625 0.03203125 0.09609375
2 0.92421875 0.3953125 0.03359375 0.1015625
2 0.8890625 0.39375 0.03515625 0.10546875
2 0.96953125 0.58984375 0.03671875 0.10234375
2 0.93125 0.5890625 0.03515625 0.1046875