2 0.975 0.82890625 0.0390625 0.159375
2 0.934375 0.83125 0.0421875 0.153125
2 0.89453125 0.8296875 0.040625 0.1515625
2 0.85546875 0.83203125 0.04375 0.146875
2 0.81640625 0.82734375 0.0375 0.1546875
2 0.78046875 0.840625 0.0375 0.13125
2 0.71640625 0.828125 0.040625 0.1546875
2 0.67578125 0.83984375 0.0390625 0.134375
2 0.6375 0.82734375 0.0375 0.15
2 0.59765625 0.8359375 0.040625 0.1359375
2 0.559375 0.82265625 0.034375 0.15625
2 0.521875 0.8359375 0.0390625 0.13125
2 0.48359375 0.825 0.0375 0.1578125
2 0.4453125 0.8328125 0.0390625 0.1328125
2 0.40625 0.8234375 0.0359375 0.153125
2 0.36484375 0.834375 0.04375 0.13125
2 0.32421875 0.825 0.0390625 0.153125
2 0.2609375 0.83125 0.0390625 0.134375
2 0.215625 0.81640625 0.04375 0.16875
2 0.17421875 0.82109375 0.034375 0.1640625
2 0.13515625 0.82265625 0.0390625 0.159375
2 0.09609375 0.82265625 0.0359375 0.159375
2 0.059375 0.834375 0.0390625 0.1421875
2 0.01875 0.8265625 0.0375 0.1546875
2 0.0171875 0.63046875 0.034375 0.1625
2 0.05234375 0.63046875 0.0359375 0.1578125
2 0.090625 0.6328125 0.040625 0.1578125
2 0.13125 0.64296875 0.0421875 0.140625
2 0.16953125 0.625 0.0359375 0.1734375
2 0.20703125 0.6421875 0.040625 0.1421875
2 0.2546875 0.63203125 0.0421875 0.1625
2 0.3203125 0.6453125 0.0421875 0.1359375
2 0.3625 0.64453125 0.0421875 0.1421875
2 0.40390625 0.6453125 0.0421875 0.1390625
2 0.44375 0.6328125 0.034375 0.1609375
2 0.48359375 0.646875 0.0421875 0.1390625
2 0.52265625 0.6453125 0.0375 0.140625
2 0.56015625 0.63515625 0.040625 0.15625
2 0.59765625 0.634375 0.0390625 0.1578125
2 0.6359375 0.6359375 0.0390625 0.1609375
2 0.6765625 0.63359375 0.040625 0.1578125
2 0.72109375 0.62890625 0.0453125 0.1625
2 0.7859375 0.64765625 0.034375 0.1390625
2 0.82421875 0.65 0.040625 0.1390625
2 0.8640625 0.63828125 0.0390625 0.1578125
2 0.90625 0.63984375 0.0453125 0.159375
2 0.95 0.6390625 0.040625 0.1625
2 0.98359375 0.640625 0.03125 0.159375
2 0.9546875 0.44453125 0.0421875 0.1609375
2 0.9140625 0.4453125 0.040625 0.1546875
2 0.87109375 0.44375 0.046875 0.153125
2 0.82734375 0.4453125 0.04375 0.1515625
2 0.7890625 0.44453125 0.0390625 0.15
2 0.725 0.4421875 0.0421875 0.1546875
2 0.6859375 0.46171875 0.0390625 0.1171875
2 0.646875 0.440625 0.0390625 0.153125
2 0.60625 0.4625 0.0421875 0.1125
2 0.56328125 0.44140625 0.040625 0.1546875
2 0.521875 0.4625 0.0421875 0.115625
2 0.4796875 0.46015625 0.040625 0.1140625
2 0.4390625 0.4609375 0.0390625 0.1171875
2 0.4 0.46015625 0.0390625 0.115625
2 0.35859375 0.4609375 0.04375 0.115625
2 0.31484375 0.4609375 0.0421875 0.1171875
2 0.25234375 0.440625 0.0390625 0.1515625
2 0.2109375 0.45859375 0.0453125 0.1125
2 0.16953125 0.43984375 0.0375 0.153125
2 0.13046875 0.4578125 0.040625 0.115625
2 0.08359375 0.44140625 0.0453125 0.1515625
2 0.04375 0.4546875 0.040625 0.1171875
2 0.015625 0.45625 0.0265625 0.1140625
2 0.0125 0.2765625 0.025 0.128125
2 0.046875 0.2765625 0.046875 0.1328125
2 0.0890625 0.2765625 0.040625 0.128125
2 0.1265625 0.265625 0.04375 0.1625
2 0.1671875 0.2765625 0.0484375 0.134375
2 0.21171875 0.2765625 0.0421875 0.1328125
2 0.25078125 0.26328125 0.0359375 0.1546875
2 0.3140625 0.27734375 0.05 0.1328125
2 0.35703125 0.27734375 0.040625 0.1296875
2 0.39921875 0.26328125 0.04375 0.1625
2 0.440625 0.2796875 0.0390625 0.1328125
2 0.4828125 0.26328125 0.0421875 0.1609375
2 0.52265625 0.2796875 0.0390625 0.134375
2 0.56328125 0.26171875 0.040625 0.165625
2 0.6046875 0.2640625 0.0375 0.1609375
2 0.6421875 0.27890625 0.0375 0.1296875
2 0.68515625 0.2796875 0.04375 0.1359375
2 0.72734375 0.27890625 0.040625 0.134375
2 0.79453125 0.2796875 0.0390625 0.1328125
2 0.83359375 0.27734375 0.040625 0.134375
2 0.875 0.26640625 0.0421875 0.1546875
2 0.9171875 0.2734375 0.0421875 0.1421875
2 0.9609375 0.26171875 0.04375 0.1609375
2 0.990625 0.2765625 0.0171875 0.1328125
2 0.99296875 0.08671875 0.0140625 0.11875
2 0.9671875 0.0734375 0.0390625 0.146875
2 0.92578125 0.075 0.0421875 0.15
2 0.8828125 0.075 0.0421875 0.15
2 0.840625 0.075 0.040625 0.15
2 0.8 0.07578125 0.040625 0.1515625
2 0.7375 0.075 0.0453125 0.15
2 0.71484375 0.075 0.0234375 0.15
2 0.67890625 0.07734375 0.0453125 0.15
2 0.63125 0.075 0.0453125 0.15
2 0.58515625 0.07578125 0.0421875 0.1515625
2 0.540625 0.07734375 0.04375 0.1546875
2 0.4953125 0.0734375 0.046875 0.146875
2 0.44765625 0.07421875 0.0484375 0.1484375
2 0.40234375 0.075 0.0421875 0.15
2 0.3578125 0.0734375 0.04375 0.146875
2 0.3140625 0.07421875 0.04375 0.1484375
2 0.24453125 0.07578125 0.0375 0.1515625
2 0.20546875 0.075 0.0453125 0.15
2 0.10703125 0.07578125 0.053125 0.1515625
2 0.01640625 0.075 0.0328125 0.15
2 0.025 0.96015625 0.03125 0.0796875
2 0.18515625 0.96015625 0.0421875 0.0734375
2 0.25703125 0.96171875 0.0359375 0.0765625
2 0.32265625 0.97890625 0.0359375 0.0421875
2 0.36328125 0.965625 0.0359375 0.06875
2 0.40078125 0.965625 0.0375 0.065625
2 0.43828125 0.9640625 0.0328125 0.0703125
2 0.478125 0.97734375 0.0390625 0.0453125
2 0.51640625 0.9609375 0.0375 0.078125
2 0.55703125 0.9640625 0.0390625 0.06875
2 0.59765625 0.97890625 0.040625 0.0421875
2 0.63828125 0.96484375 0.0421875 0.06875
2 0.68046875 0.9640625 0.0375 0.071875
2 0.71796875 0.96328125 0.0390625 0.0734375
2 0.81953125 0.965625 0.0390625 0.0640625
2 0.98203125 0.96796875 0.0359375 0.0640625
2 0.94609375 0.98046875 0.0359375 0.0390625
2 0.90546875 0.978125 0.046875 0.040625
2 0.859375 0.98125 0.04375 0.0375
2 0.0890625 0.96015625 0.028125 0.0796875
2 0.0609375 0.978125 0.0390625 0.0421875
2 0.78125 0.9828125 0.034375 0.03125