2 0.94609375 0.64296875 0.05 0.121875
2 0.9734375 0.65 0.0484375 0.1234375
2 0.92421875 0.16875 0.059375 0.0828125
2 0.6140625 0.84375 0.1125 0.1640625
2 0.6640625 0.31328125 0.0578125 0.1578125
2 0.54609375 0.675 0.0515625 0.1421875
2 0.71484375 0.83515625 0.1109375 0.1671875
2 0.4640625 0.11171875 0.059375 0.178125
2 0.06953125 0.315625 0.0625 0.1703125
2 0.75390625 0.6609375 0.0546875 0.125
2 0.671875 0.1375 0.0453125 0.134375
2 0.63515625 0.134375 0.0484375 0.140625
2 0.79453125 0.3125 0.059375 0.153125
2 0.59375 0.671875 0.05625 0.1421875
2 0.5171875 0.11875 0.0578125 0.16875
2 0.746875 0.31171875 0.0578125 0.1546875
2 0.3921875 0.86328125 0.1078125 0.1828125
2 0.7125 0.140625 0.0421875 0.128125
2 0.7 0.665625 0.05 0.1375
2 0.4125 0.10625 0.0640625 0.1921875
2 0.45234375 0.67890625 0.05 0.140625
2 0.49921875 0.675 0.053125 0.14375
2 0.8953125 0.646875 0.0578125 0.1265625
2 0.5953125 0.1296875 0.046875 0.146875
2 0.7546875 0.1390625 0.046875 0.134375
2 0.4859375 0.50078125 0.0546875 0.1546875
2 0.38671875 0.50703125 0.0578125 0.159375
2 0.3015625 0.696875 0.0546875 0.14375
2 0.89765625 0.31484375 0.0765625 0.1546875
2 0.58359375 0.496875 0.0546875 0.1515625
2 0.93828125 0.48515625 0.0546875 0.1421875
2 0.33359375 0.51015625 0.065625 0.1640625
2 0.18359375 0.10546875 0.0703125 0.1875
2 0.65390625 0.6671875 0.053125 0.140625
2 0.9515625 0.31328125 0.071875 0.1546875
2 0.85234375 0.3125 0.0671875 0.1515625
2 0.1890625 0.70234375 0.059375 0.1546875
2 0.4046875 0.6828125 0.053125 0.14375
2 0.79921875 0.65703125 0.0546875 0.1296875
2 0.29375 0.10546875 0.0625 0.1875
2 0.43671875 0.5046875 0.05625 0.15625
2 0.23828125 0.10078125 0.065625 0.196875
2 0.75 0.48984375 0.059375 0.140625
2 0.13125 0.70703125 0.0671875 0.1484375
2 0.27421875 0.5109375 0.0609375 0.1640625
2 0.3359375 0.315625 0.0625 0.1765625
2 0.534375 0.4984375 0.05625 0.153125
2 0.7953125 0.4875 0.0578125 0.140625
2 0.7015625 0.490625 0.059375 0.1453125
2 0.8453125 0.6546875 0.0578125 0.1328125
2 0.3515625 0.68828125 0.05625 0.1453125
2 0.35 0.10390625 0.0671875 0.190625
2 0.24453125 0.6984375 0.05625 0.1515625
2 0.640625 0.4953125 0.059375 0.15
2 0.11796875 0.1015625 0.0734375 0.1875
2 0.5671875 0.31484375 0.059375 0.165625
2 0.8953125 0.48515625 0.059375 0.146875
2 0.79453125 0.825 0.071875 0.140625
2 0.05703125 0.09609375 0.0765625 0.1921875
2 0.86328125 0.165625 0.0546875 0.08125
2 0.84453125 0.48671875 0.0609375 0.14375
2 0.146875 0.31875 0.075 0.1765625
2 0.27109375 0.321875 0.0671875 0.1671875
2 0.21875 0.51484375 0.065625 0.1671875
2 0.10390625 0.51875 0.071875 0.171875
2 0.20703125 0.32734375 0.06875 0.159375
2 0.459375 0.3140625 0.0671875 0.1734375
2 0.240625 0.884375 0.065625 0.16875
2 0.8015625 0.165625 0.0578125 0.08125
2 0.39609375 0.315625 0.06875 0.1765625
2 0.51875 0.315625 0.05625 0.16875
2 0.1765625 0.88828125 0.06875 0.171875
2 0.30546875 0.87890625 0.0640625 0.165625
2 0.1609375 0.515625 0.0671875 0.1671875
2 0.87265625 0.78046875 0.0875 0.06875
2 0.5671875 0.128125 0.040625 0.1390625
2 0.978125 0.16953125 0.04375 0.078125
2 0.50546875 0.859375 0.1125 0.1578125
2 0.9421875 0.82734375 0.1 0.125