2 0.071875 0.58515625 0.084375 0.240625
2 0.3 0.621875 0.059375 0.18984375
2 0.34609375 0.628125 0.053125 0.18671875
2 0.50390625 0.63203125 0.06015625 0.18671875
2 0.55546875 0.64453125 0.05859375 0.16796875
2 0.5921875 0.6484375 0.04921875 0.1640625
2 0.121875 0.284375 0.06796875 0.18671875
2 0.225 0.31875 0.059375 0.17109375
2 0.28359375 0.334375 0.06171875 0.16640625
2 0.36484375 0.3578125 0.05390625 0.15859375
2 0.40703125 0.371875 0.04140625 0.14453125
2 0.47890625 0.384375 0.05078125 0.15390625
2 0.528125 0.3984375 0.0484375 0.1484375
2 0.58203125 0.41015625 0.04296875 0.14609375
2 0.4453125 0.3859375 0.03515625 0.1234375
2 0.7640625 0.290625 0.03828125 0.09375
2 0.709375 0.26875 0.0265625 0.08984375
2 0.68046875 0.25546875 0.03203125 0.09609375
2 0.61171875 0.209375 0.04453125 0.134375
2 0.61640625 0.89296875 0.0546875 0.20390625
2 0.55546875 0.9 0.053125 0.19296875
2 0.46484375 0.90546875 0.0515625 0.1890625
2 0.49921875 0.9046875 0.03828125 0.190625
2 0.4328125 0.903125 0.04375 0.18671875
2 0.409375 0.903125 0.0390625 0.18828125
2 0.15390625 0.9078125 0.06484375 0.184375
2 0.128125 0.90703125 0.04921875 0.1859375
2 0.73828125 0.8109375 0.11484375 0.0546875
2 0.890625 0.9046875 0.1 0.03984375
2 0.859375 0.31875 0.03671875 0.10859375
2 0.8046875 0.30390625 0.0390625 0.09296875
2 0.83046875 0.31875 0.025 0.08203125
2 0.909375 0.34296875 0.03359375 0.0984375