2 0.62890625 0.353125 0.05703125 0.296875
2 0.50703125 0.353125 0.06015625 0.296875
2 0.71953125 0.72421875 0.05546875 0.33828125
2 0.5640625 0.72578125 0.06015625 0.328125
2 0.271875 0.0625 0.05234375 0.12265625
2 0.6890625 0.3515625 0.05546875 0.296875
2 0.3875 0.3453125 0.05234375 0.31640625
2 0.2625 0.3453125 0.05078125 0.3109375
2 0.21953125 0.0640625 0.05390625 0.12734375
2 0.24296875 0.71953125 0.05234375 0.33828125
2 0.5921875 0.0609375 0.053125 0.121875
2 0.32109375 0.0625 0.05546875 0.12265625
2 0.509375 0.72265625 0.05703125 0.33125
2 0.321875 0.3453125 0.05390625 0.3140625
2 0.446875 0.353125 0.05703125 0.29375
2 0.6421875 0.06015625 0.04609375 0.1203125
2 0.43359375 0.0625 0.05390625 0.125
2 0.3796875 0.0609375 0.05625 0.121875
2 0.63828125 0.7390625 0.05859375 0.38515625
2 0.571875 0.3515625 0.05703125 0.29921875
2 0.53984375 0.06015625 0.05078125 0.1203125
2 0.29140625 0.71796875 0.04765625 0.33828125
2 0.4859375 0.0625 0.05390625 0.125
2 0.940625 0.7203125 0.05078125 0.33125
2 0.15078125 0.71328125 0.05234375 0.33828125
2 0.2 0.3453125 0.05078125 0.30859375
2 0.69140625 0.0609375 0.0515625 0.121875
2 0.1640625 0.06015625 0.06171875 0.1203125
2 0.75703125 0.72421875 0.02421875 0.33125
2 0.74296875 0.05859375 0.05703125 0.10546875
2 0.19609375 0.7171875 0.0421875 0.34296875
2 0.67109375 0.72421875 0.04375 0.33125
2 0.60625 0.72578125 0.0421875 0.33359375
2 0.74921875 0.3515625 0.0375 0.29921875
2 0.9703125 0.71796875 0.04921875 0.3140625
2 0.92109375 0.34296875 0.02578125 0.31875
2 0.959375 0.340625 0.05390625 0.31875