2 0.25390625 0.5734375 0.078125 0.19296875
2 0.3859375 0.575 0.071875 0.18359375
2 0.32265625 0.57109375 0.06015625 0.19296875
2 0.45234375 0.575 0.0640625 0.1890625
2 0.51953125 0.5703125 0.06640625 0.19453125
2 0.5828125 0.57734375 0.0640625 0.1875
2 0.6546875 0.57890625 0.06875 0.18828125
2 0.6359375 0.19296875 0.0640625 0.2015625
2 0.55859375 0.265625 0.0640625 0.05078125
2 0.4890625 0.26484375 0.06796875 0.05234375
2 0.41953125 0.26484375 0.06953125 0.05
2 0.7125 0.57890625 0.06015625 0.18125