2 0.93203125 0.4078125 0.1359375 0.45625
2 0.88828125 0.33203125 0.08828125 0.39453125
2 0.7671875 0.37734375 0.12265625 0.36796875
2 0.578125 0.3640625 0.12109375 0.3625
2 0.509375 0.3078125 0.115625 0.37265625
2 0.39921875 0.35390625 0.12109375 0.409375
2 0.27890625 0.2734375 0.08203125 0.36015625
2 0.215625 0.32578125 0.09140625 0.39453125
2 0.128125 0.3171875 0.08671875 0.33828125
2 0.040625 0.228125 0.08125 0.29375
2 0.23203125 0.78046875 0.0765625 0.30859375
2 0.13671875 0.721875 0.08359375 0.340625
2 0.04609375 0.6828125 0.0765625 0.35078125
2 0.41015625 0.8234375 0.1 0.33828125
2 0.575 0.8296875 0.1015625 0.340625
2 0.51328125 0.76484375 0.09453125 0.3234375
2 0.93984375 0.8640625 0.1203125 0.26875
2 0.85703125 0.81953125 0.1046875 0.328125
2 0.765625 0.8453125 0.1125 0.30859375