2 0.78203125 0.26640625 0.0390625 0.19375
2 0.896875 0.0734375 0.0296875 0.13515625
2 0.1171875 0.759375 0.040625 0.21640625
2 0.50546875 0.26796875 0.0359375 0.16484375
2 0.15703125 0.76328125 0.040625 0.22109375
2 0.71328125 0.05546875 0.034375 0.1109375
2 0.91171875 0.27890625 0.0375 0.19375
2 0.025 0.28359375 0.0359375 0.1546875
2 0.28359375 0.76328125 0.0390625 0.22109375
2 0.7109375 0.26328125 0.0421875 0.19375
2 0.8578125 0.0703125 0.0375 0.1375
2 0.1859375 0.25703125 0.04375 0.20390625
2 0.46171875 0.24921875 0.0375 0.2109375
2 0.85390625 0.515625 0.0359375 0.1890625
2 0.46484375 0.5046875 0.040625 0.2140625
2 0.9265625 0.0734375 0.0359375 0.1421875
2 0.27578125 0.25546875 0.04375 0.2015625
2 0.98203125 0.50625 0.034375 0.2015625
2 0.67890625 0.053125 0.0359375 0.103125
2 0.36484375 0.76171875 0.0421875 0.228125
2 0.95390625 0.94140625 0.040625 0.115625
2 0.63203125 0.271875 0.0359375 0.1671875
2 0.3234375 0.7828125 0.0375 0.1890625
2 0.81796875 0.28515625 0.0328125 0.17421875
2 0.66484375 0.50625 0.04375 0.2109375
2 0.78984375 0.07265625 0.0328125 0.1421875
2 0.15859375 0.50703125 0.0390625 0.2140625
2 0.89140625 0.51484375 0.0359375 0.1890625
2 0.671875 0.25546875 0.0390625 0.196875
2 0.8609375 0.75546875 0.0359375 0.20390625
2 0.41328125 0.24296875 0.040625 0.22109375
2 0.36796875 0.25078125 0.040625 0.2140625
2 0.32265625 0.2546875 0.0390625 0.20390625
2 0.2328125 0.259375 0.0390625 0.20390625
2 0.1453125 0.26015625 0.040625 0.20859375
2 0.10234375 0.2546875 0.0375 0.21640625
2 0.0640625 0.26015625 0.040625 0.20859375
2 0.03046875 0.075 0.04375 0.15
2 0.071875 0.07109375 0.040625 0.1421875
2 0.11328125 0.0703125 0.040625 0.13984375
2 0.1546875 0.06875 0.040625 0.1375
2 0.19453125 0.0671875 0.0359375 0.134375
2 0.2359375 0.06484375 0.040625 0.1296875
2 0.28125 0.0640625 0.0421875 0.128125
2 0.32109375 0.0625 0.0328125 0.125
2 0.36484375 0.0625 0.0421875 0.125
2 0.41171875 0.0625 0.04375 0.125
2 0.459375 0.06171875 0.0421875 0.12265625
2 0.50703125 0.06171875 0.04609375 0.12265625
2 0.59375 0.25078125 0.03125 0.20390625
2 0.63125 0.0640625 0.04375 0.128125
2 0.59375 0.0625 0.028125 0.125
2 0.7546875 0.07265625 0.0375 0.1453125
2 0.82421875 0.07734375 0.0328125 0.1546875
2 0.959375 0.0859375 0.0359375 0.171875
2 0.846875 0.27890625 0.0375 0.18671875
2 0.87890625 0.28125 0.0328125 0.1890625
2 0.9453125 0.28515625 0.0328125 0.196875
2 0.971875 0.309375 0.02265625 0.15
2 0.7484375 0.28046875 0.0328125 0.1671875
2 0.81953125 0.5109375 0.034375 0.20625
2 0.78125 0.5109375 0.0375 0.20625
2 0.92265625 0.52734375 0.03125 0.16953125
2 0.9515625 0.51484375 0.0328125 0.2015625
2 0.7421875 0.5046875 0.0390625 0.22109375
2 0.703125 0.50703125 0.0375 0.2140625
2 0.62265625 0.5046875 0.040625 0.21640625
2 0.590625 0.51875 0.02265625 0.19140625
2 0.509375 0.50234375 0.0375 0.22109375
2 0.41875 0.50234375 0.0421875 0.22578125
2 0.37109375 0.50703125 0.040625 0.2140625
2 0.32578125 0.5046875 0.040625 0.2234375
2 0.28203125 0.53046875 0.034375 0.17421875
2 0.240625 0.51015625 0.040625 0.21640625
2 0.2 0.5046875 0.040625 0.2234375
2 0.1203125 0.50703125 0.0375 0.2140625
2 0.08515625 0.50703125 0.0375 0.21640625
2 0.05234375 0.52578125 0.03125 0.1671875
2 0.02109375 0.51015625 0.0375 0.196875
2 0.0125 0.75546875 0.02421875 0.2109375
2 0.0453125 0.7546875 0.0390625 0.2109375
2 0.0796875 0.77734375 0.0328125 0.1765625
2 0.2 0.765625 0.040625 0.21875
2 0.24296875 0.76171875 0.040625 0.228125
2 0.41015625 0.76328125 0.0421875 0.23125
2 0.45625 0.76328125 0.04375 0.23125
2 0.503125 0.76015625 0.04609375 0.22578125
2 0.5921875 0.76015625 0.02578125 0.22109375
2 0.628125 0.7578125 0.0421875 0.2234375
2 0.671875 0.76171875 0.040625 0.21640625
2 0.71484375 0.759375 0.040625 0.21875
2 0.75546875 0.76015625 0.0390625 0.21640625
2 0.7921875 0.775 0.034375 0.18203125
2 0.82734375 0.7546875 0.0375 0.21875
2 0.89296875 0.76796875 0.0296875 0.1796875
2 0.9234375 0.75078125 0.0375 0.20625
2 0.95390625 0.7421875 0.0375 0.2109375
2 0.9828125 0.73984375 0.034375 0.20390625
2 0.984375 0.93359375 0.03125 0.1328125
2 0.9234375 0.9421875 0.034375 0.11328125
2 0.8875 0.9359375 0.0359375 0.128125
2 0.853125 0.9484375 0.0359375 0.10078125
2 0.815625 0.94609375 0.0359375 0.103125