2 0.7796875 0.8921875 0.0296875 0.1890625
2 0.74765625 0.890625 0.0390625 0.1859375
2 0.7125 0.8921875 0.034375 0.1890625
2 0.67734375 0.88828125 0.0390625 0.18359375
2 0.6421875 0.890625 0.0359375 0.18359375
2 0.60859375 0.890625 0.034375 0.1859375
2 0.571875 0.890625 0.0359375 0.1859375
2 0.53671875 0.890625 0.034375 0.1890625
2 0.503125 0.88984375 0.034375 0.1859375
2 0.46953125 0.88828125 0.0359375 0.1859375
2 0.434375 0.890625 0.034375 0.1890625
2 0.3984375 0.8921875 0.0328125 0.19140625
2 0.365625 0.8921875 0.0328125 0.1890625
2 0.33203125 0.88984375 0.0328125 0.1859375
2 0.29765625 0.8921875 0.0359375 0.1859375
2 0.26171875 0.88984375 0.0375 0.1859375
2 0.22578125 0.88984375 0.0375 0.1859375
2 0.12734375 0.64921875 0.0359375 0.19609375
2 0.16328125 0.65234375 0.0359375 0.20078125
2 0.2 0.65078125 0.0375 0.20078125
2 0.23828125 0.65234375 0.0375 0.19609375
2 0.27421875 0.64609375 0.0359375 0.19140625
2 0.3078125 0.640625 0.0328125 0.19140625
2 0.34375 0.640625 0.0390625 0.19375
2 0.38125 0.63984375 0.0328125 0.19375
2 0.4125 0.63984375 0.0375 0.19140625
2 0.4515625 0.63984375 0.0390625 0.1890625
2 0.48828125 0.6421875 0.034375 0.1890625
2 0.5234375 0.640625 0.0359375 0.1859375
2 0.559375 0.64453125 0.0390625 0.1765625
2 0.596875 0.6421875 0.0375 0.19140625
2 0.634375 0.64375 0.034375 0.19140625
2 0.66796875 0.6421875 0.0359375 0.1859375
2 0.7046875 0.64453125 0.034375 0.18359375
2 0.73984375 0.6421875 0.0375 0.18359375
2 0.7828125 0.40078125 0.0328125 0.19140625
2 0.74765625 0.40703125 0.0390625 0.203125
2 0.7078125 0.40546875 0.0375 0.20625
2 0.67109375 0.4078125 0.0390625 0.21328125
2 0.6296875 0.40703125 0.0421875 0.21328125
2 0.59140625 0.40546875 0.0359375 0.2109375
2 0.5546875 0.40546875 0.0375 0.2109375
2 0.5171875 0.409375 0.0359375 0.20859375
2 0.48203125 0.40546875 0.0359375 0.2109375
2 0.446875 0.40703125 0.0359375 0.20859375
2 0.4109375 0.4078125 0.0359375 0.21328125
2 0.37421875 0.40703125 0.0359375 0.2109375
2 0.3390625 0.40703125 0.034375 0.2109375
2 0.30390625 0.40703125 0.034375 0.20859375
2 0.26796875 0.4046875 0.0375 0.20859375
2 0.23125 0.4078125 0.0359375 0.20625
2 0.1921875 0.40703125 0.040625 0.20625
2 0.15390625 0.409375 0.0359375 0.20625
2 0.12109375 0.40546875 0.0296875 0.21328125
2 0.125 0.165625 0.0359375 0.19609375
2 0.1625 0.159375 0.040625 0.21328125
2 0.20390625 0.15703125 0.0421875 0.21796875
2 0.246875 0.15546875 0.04375 0.2203125
2 0.28671875 0.1546875 0.04609375 0.22265625
2 0.33203125 0.1546875 0.04609375 0.2203125
2 0.37421875 0.16171875 0.040625 0.20625
2 0.415625 0.16328125 0.04375 0.203125
2 0.45703125 0.159375 0.0375 0.20859375
2 0.4921875 0.1578125 0.0375 0.21328125
2 0.52890625 0.159375 0.0375 0.2109375
2 0.5671875 0.159375 0.040625 0.2109375
2 0.6046875 0.15703125 0.0359375 0.215625
2 0.64296875 0.1578125 0.0390625 0.2109375
2 0.68046875 0.15703125 0.0390625 0.2109375
2 0.71875 0.15703125 0.0390625 0.21328125
2 0.76015625 0.1546875 0.040625 0.215625
2 0.790625 0.15703125 0.02421875 0.20859375