2 0.91953125 0.12578125 0.1609375 0.1703125
2 0.90859375 0.58125 0.16640625 0.34296875
2 0.75 0.5375 0.23828125 0.2875
2 0.6109375 0.50859375 0.2578125 0.2640625
2 0.49765625 0.478125 0.2890625 0.228125
2 0.7484375 0.12578125 0.209375 0.15078125
2 0.59140625 0.13671875 0.20625 0.1484375
2 0.45625 0.134375 0.21875 0.1296875
2 0.3328125 0.13515625 0.2171875 0.1171875
2 0.3921875 0.453125 0.2875 0.196875
2 0.2578125 0.4421875 0.19296875 0.15625
2 0.18828125 0.42109375 0.20234375 0.14140625
2 0.1375 0.40625 0.2421875 0.12734375
2 0.06484375 0.3953125 0.12890625 0.10546875
2 0.8828125 0.88984375 0.1453125 0.2203125
2 0.734375 0.86796875 0.18828125 0.2640625
2 0.58671875 0.85 0.22890625 0.3
2 0.48359375 0.80234375 0.2578125 0.26640625
2 0.36953125 0.7578125 0.2421875 0.23515625
2 0.30078125 0.71953125 0.26171875 0.215625
2 0.23203125 0.68125 0.26171875 0.18203125
2 0.16328125 0.64765625 0.2515625 0.16796875
2 0.10625 0.62578125 0.2125 0.15859375
2 0.18125 0.16171875 0.09765625 0.06953125
2 0.1015625 0.16328125 0.071875 0.0625
2 0.03515625 0.16875 0.0703125 0.06953125