2 0.97421875 0.90859375 0.05 0.11875
2 0.3140625 0.70078125 0.0515625 0.1265625
2 0.7609375 0.70859375 0.0515625 0.13125
2 0.5859375 0.70078125 0.053125 0.1375
2 0.63046875 0.19453125 0.04375 0.1296875
2 0.69453125 0.7046875 0.0546875 0.1421875
2 0.26875 0.70234375 0.05 0.13125
2 0.67109375 0.19296875 0.046875 0.13125
2 0.59296875 0.19296875 0.046875 0.1328125
2 0.709375 0.36015625 0.0609375 0.153125
2 0.8109375 0.7109375 0.0546875 0.140625
2 0.8234375 0.35859375 0.065625 0.1546875
2 0.88828125 0.353125 0.065625 0.159375
2 0.62421875 0.878125 0.10625 0.1640625
2 0.64375 0.70234375 0.053125 0.1359375
2 0.53984375 0.70078125 0.05 0.1375
2 0.225 0.6984375 0.053125 0.1296875
2 0.20234375 0.1953125 0.0578125 0.159375
2 0.821875 0.88046875 0.0828125 0.1484375
2 0.8640625 0.709375 0.05625 0.1484375
2 0.9015625 0.20546875 0.0578125 0.0828125
2 0.2421875 0.19140625 0.0578125 0.1625
2 0.4296875 0.36640625 0.0640625 0.153125
2 0.54921875 0.1921875 0.0515625 0.140625
2 0.4046875 0.696875 0.05 0.1359375
2 0.7640625 0.3609375 0.0671875 0.1515625
2 0.359375 0.696875 0.0515625 0.134375
2 0.28671875 0.19375 0.059375 0.15625
2 0.4953125 0.18984375 0.0546875 0.1515625
2 0.92421875 0.71015625 0.059375 0.140625
2 0.51640625 0.53359375 0.0546875 0.140625
2 0.7109375 0.19140625 0.0515625 0.134375
2 0.45 0.696875 0.0515625 0.1359375
2 0.49453125 0.7 0.0515625 0.1390625
2 0.38671875 0.18828125 0.059375 0.1609375
2 0.33515625 0.190625 0.059375 0.159375
2 0.42578125 0.53515625 0.0546875 0.14375
2 0.46875 0.53359375 0.053125 0.1421875
2 0.78671875 0.528125 0.0578125 0.1515625
2 0.56484375 0.5328125 0.0578125 0.140625
2 0.15078125 0.5390625 0.059375 0.1390625
2 0.93984375 0.35390625 0.06875 0.1625
2 0.41328125 0.865625 0.1109375 0.1703125
2 0.62578125 0.35703125 0.065625 0.1609375
2 0.19296875 0.540625 0.0625 0.1375
2 0.48125 0.3640625 0.0640625 0.1546875
2 0.62421875 0.53125 0.0578125 0.1421875
2 0.32890625 0.8640625 0.0609375 0.1578125
2 0.32734375 0.53828125 0.0609375 0.140625
2 0.2375 0.53984375 0.065625 0.140625
2 0.37734375 0.53671875 0.0578125 0.1421875
2 0.28359375 0.5375 0.0640625 0.1421875
2 0.32421875 0.371875 0.059375 0.1484375
2 0.175 0.696875 0.05625 0.13125
2 0.12109375 0.3765625 0.0609375 0.1453125
2 0.378125 0.36875 0.0625 0.1546875
2 0.51328125 0.8703125 0.103125 0.171875
2 0.22109375 0.378125 0.059375 0.1328125
2 0.10234375 0.19296875 0.06875 0.175
2 0.7671875 0.21328125 0.0578125 0.08125
2 0.828125 0.20859375 0.059375 0.0828125
2 0.14921875 0.190625 0.071875 0.171875
2 0.4453125 0.18984375 0.0609375 0.1578125
2 0.53125 0.36171875 0.0625 0.159375
2 0.2734375 0.86484375 0.0609375 0.1546875
2 0.68359375 0.5296875 0.0578125 0.1421875
2 0.9453125 0.5296875 0.0578125 0.1546875
2 0.271875 0.37578125 0.0609375 0.1390625
2 0.22109375 0.8609375 0.0625 0.15
2 0.73671875 0.52890625 0.059375 0.1484375
2 0.1703125 0.37265625 0.065625 0.15
2 0.89296875 0.53125 0.0578125 0.1578125
2 0.04140625 0.6015625 0.075 0.1546875
2 0.83828125 0.53125 0.059375 0.1546875
2 0.88984375 0.83828125 0.06875 0.0578125
2 0.97109375 0.19921875 0.0578125 0.08671875
2 0.7328125 0.8859375 0.10546875 0.1515625