2 0.89140625 0.18125 0.16015625 0.1390625
2 0.76953125 0.17421875 0.11875 0.1390625
2 0.66484375 0.17109375 0.10390625 0.13125
2 0.56171875 0.17265625 0.09453125 0.13984375
2 0.4578125 0.16875 0.10078125 0.1296875
2 0.35703125 0.17578125 0.10859375 0.140625
2 0.24765625 0.16953125 0.13203125 0.12890625
2 0.13046875 0.1703125 0.15859375 0.12578125
2 0.17890625 0.45859375 0.13671875 0.17109375
2 0.284375 0.45625 0.10390625 0.17421875
2 0.38046875 0.45078125 0.09609375 0.16953125
2 0.46796875 0.46171875 0.09140625 0.17421875
2 0.5625 0.46640625 0.0953125 0.1734375
2 0.65859375 0.4609375 0.09921875 0.17421875
2 0.753125 0.46796875 0.11015625 0.17578125
2 0.8203125 0.7109375 0.12421875 0.21015625
2 0.72421875 0.70859375 0.11796875 0.2140625
2 0.63828125 0.7125 0.10390625 0.21015625
2 0.55078125 0.70234375 0.090625 0.203125
2 0.46484375 0.70625 0.08671875 0.209375
2 0.37578125 0.70625 0.09609375 0.20625
2 0.290625 0.70546875 0.10859375 0.20859375
2 0.20546875 0.696875 0.12109375 0.2015625
2 0.22421875 0.91875 0.10625 0.16171875
2 0.309375 0.91953125 0.0953125 0.1609375
2 0.390625 0.9203125 0.08515625 0.15703125
2 0.4734375 0.92109375 0.07890625 0.15703125