2 0.79765625 0.2828125 0.40234375 0.42421875
2 0.8546875 0.6640625 0.290625 0.5453125
2 0.59140625 0.6015625 0.1828125 0.33515625
2 0.546875 0.25234375 0.2171875 0.3375
2 0.39453125 0.18515625 0.2171875 0.228125
2 0.40196078437500005 0.5862944156250001 0.4150326796875 0.6167512687500001 0.44607843125 0.6497461921875 0.4607843140625 0.6522842640625 0.4771241828125 0.629441625 0.49346405156250006 0.5736040609375 0.49673202656250004 0.47715736093750005 0.4852941171875 0.428934009375 0.45751634062499996 0.360406090625 0.44281045781249995 0.352791878125 0.4150326796875 0.3680203046875 0.40196078437500005 0.39086294375 0.38725490156250003 0.4340101515625 0.385620915625 0.5 0.40196078437500005 0.5862944156250001
2 0.37890625 0.4125 0.134375 0.2515625
2 0.28515625 0.34140625 0.0765625 0.1953125
2 0.56171875 0.8859375 0.1765625 0.228125
2 0.4453125 0.7828125 0.103125 0.271875
2 0.359375 0.86796875 0.12734375 0.23359375
2 0.3640625 0.65234375 0.12109375 0.228125
2 0.29140625 0.54296875 0.08359375 0.19765625
2 0.28671875 0.75625 0.06015625 0.19765625
2 0.2546875 0.6953125 0.08828125 0.1828125
2 0.23125 0.51875 0.0375 0.16015625
2 0.2328125 0.34296875 0.05703125 0.1875
2 0.2078125 0.3125 0.15390625 0.1625
2 0.15390625 0.2984375 0.1109375 0.16015625
2 0.190625 0.47109375 0.0671875 0.16015625
2 0.20390625 0.61953125 0.05546875 0.1625
2 0.15625 0.5671875 0.04375 0.14453125
2 0.14140625 0.41875 0.03125 0.13671875
2 0.1203125 0.5390625 0.04375 0.13984375