2 0.6453125 0.19140625 0.15 0.3828125
2 0.65234375 0.48671875 0.146875 0.20625
2 0.6609375 0.80703125 0.15859375 0.3859375
2 0.4125 0.8 0.1484375 0.184375
2 0.42734375 0.48125 0.1125 0.09375
2 0.43046875 0.240625 0.109375 0.240625
2 0.27421875 0.49765625 0.075 0.06640625
2 0.2828125 0.75546875 0.04609375 0.09609375
2 0.284375 0.25546875 0.071875 0.103125
2 0.1625 0.73203125 0.04375 0.06875
2 0.17109375 0.5 0.05390625 0.07109375
2 0.178125 0.28984375 0.05234375 0.06875
2 0.1828125 0.09375 0.05546875 0.09375
2 0.915625 0.81484375 0.16796875 0.34140625
2 0.91328125 0.47578125 0.1734375 0.2484375