2 0.14296875 0.253125 0.09296875 0.22578125
2 0.2109375 0.26796875 0.078125 0.1828125
2 0.29296875 0.25234375 0.08671875 0.22734375
2 0.41484375 0.2578125 0.06171875 0.209375
2 0.475 0.26875 0.0640625 0.175
2 0.540625 0.26171875 0.071875 0.19921875
2 0.56328125 0.65078125 0.06015625 0.20390625
2 0.62265625 0.65859375 0.071875 0.1796875
2 0.68046875 0.6375 0.0703125 0.19921875
2 0.765625 0.625 0.05390625 0.19296875
2 0.8203125 0.63671875 0.05703125 0.16171875
2 0.86171875 0.62265625 0.0796875 0.18125