2 0.83828125 0.56484375 0.30625 0.16484375
2 0.83125 0.39296875 0.29609375 0.18671875
2 0.83984375 0.2015625 0.3203125 0.19375
2 0.39609375 0.12265625 0.28828125 0.2453125
2 0.20546875 0.28515625 0.30078125 0.19296875
2 0.14296875 0.36328125 0.2859375 0.184375
2 0.34453125 0.48359375 0.278125 0.24921875
2 0.41953125 0.5546875 0.25859375 0.21484375
2 0.23671875 0.703125 0.3015625 0.18515625
2 0.18359375 0.7765625 0.28203125 0.18671875
2 0.40859375 0.88671875 0.20390625 0.16796875
2 0.465625 0.9328125 0.16875 0.134375
2 0.29609375 0.090625 0.2453125 0.18125