2 0.4796875 0.16953125 0.0375 0.0328125
2 0.525 0.16484375 0.034375 0.0375
2 0.04375 0.253125 0.04375 0.0546875
2 0.52734375 0.25625 0.0375 0.0390625
2 0.04609375 0.5734375 0.0390625 0.1015625
2 0.83515625 0.5703125 0.03515625 0.10625
2 0.821875 0.14921875 0.0265625 0.0578125
2 0.01171875 0.1859375 0.0234375 0.0328125
2 0.66796875 0.44609375 0.034375 0.0890625
2 0.19921875 0.8734375 0.046875 0.1234375
2 0.36953125 0.17109375 0.03125 0.0453125
2 0.25234375 0.87734375 0.04375 0.1015625
2 0.08515625 0.2546875 0.0359375 0.053125
2 0.915625 0.14765625 0.028125 0.059375
2 0.15859375 0.87265625 0.0453125 0.1234375
2 0.26484375 0.17109375 0.0234375 0.0484375
2 0.85546875 0.1484375 0.0265625 0.0578125
2 0.9265625 0.70703125 0.04453125 0.121875
2 0.8875 0.1484375 0.0265625 0.05625
2 0.9296875 0.321875 0.0390625 0.0625
2 0.7515625 0.8734375 0.046875 0.1484375
2 0.7875 0.57109375 0.034375 0.103125
2 0.01328125 0.57109375 0.0265625 0.1015625
2 0.15 0.2515625 0.0375 0.05625
2 0.10234375 0.45 0.0359375 0.084375
2 0.015625 0.703125 0.03125 0.11171875
2 0.25390625 0.71484375 0.040625 0.09375
2 0.18515625 0.703125 0.040625 0.115625
2 0.9875 0.57421875 0.025 0.10625
2 0.04296875 0.17421875 0.034375 0.053125
2 0.71328125 0.88203125 0.0453125 0.1296875
2 0.04453125 0.3390625 0.0375 0.059375
2 0.8859375 0.3234375 0.034375 0.059375
2 0.04765625 0.70078125 0.03515625 0.1140625
2 0.39609375 0.571875 0.0359375 0.1046875
2 0.634375 0.3328125 0.040625 0.0515625
2 0.15390625 0.56796875 0.0390625 0.1125
2 0.33046875 0.16953125 0.03125 0.0453125
2 0.8046875 0.240625 0.0375 0.0546875
2 0.94296875 0.8765625 0.05 0.1296875
2 0.15 0.7015625 0.0296875 0.1125
2 0.759375 0.15078125 0.034375 0.059375
2 0.9046875 0.86171875 0.0515625 0.1234375
2 0.290625 0.17109375 0.03125 0.0453125
2 0.21875 0.70234375 0.0390625 0.121875
2 0.55078125 0.88046875 0.04375 0.1234375
2 0.8140625 0.5703125 0.04375 0.109375
2 0.67265625 0.8765625 0.046875 0.1359375
2 0.290625 0.7140625 0.04375 0.09375
2 0.71875 0.15234375 0.040625 0.0609375
2 0.16171875 0.16640625 0.0359375 0.0515625
2 0.08359375 0.571875 0.03671875 0.1046875
2 0.43203125 0.5703125 0.040625 0.1078125
2 0.6796875 0.33125 0.0359375 0.0515625
2 0.8015625 0.8640625 0.0484375 0.128125
2 0.80859375 0.325 0.0328125 0.0609375
2 0.4671875 0.87890625 0.0484375 0.1234375
2 0.884375 0.5703125 0.04375 0.109375
2 0.8515625 0.86171875 0.05 0.13125
2 0.8625 0.70546875 0.03671875 0.1140625
2 0.33671875 0.5703125 0.03671875 0.1078125
2 0.63203125 0.88828125 0.04375 0.109375
2 0.29765625 0.88203125 0.046875 0.096875
2 0.54609375 0.70625 0.03671875 0.12265625
2 0.76953125 0.325 0.0359375 0.059375
2 0.11953125 0.7 0.0359375 0.1171875
2 0.51328125 0.87890625 0.0484375 0.125
2 0.46484375 0.70859375 0.04375 0.1140625
2 0.11953125 0.571875 0.03359375 0.1046875
2 0.84453125 0.325 0.0375 0.059375
2 0.01796875 0.44375 0.0359375 0.096875
2 0.3765625 0.70703125 0.0453125 0.1140625
2 0.51484375 0.5703125 0.0453125 0.1078125
2 0.34921875 0.88125 0.040625 0.096875
2 0.428125 0.70703125 0.046875 0.1171875
2 0.08515625 0.17109375 0.034375 0.05625
2 0.478125 0.4421875 0.04375 0.1
2 0.7703125 0.70703125 0.05 0.1203125
2 0.590625 0.88671875 0.04375 0.1125
2 0.4734375 0.5703125 0.04375 0.109375
2 0.3015625 0.56953125 0.03359375 0.109375
2 0.8203125 0.7046875 0.0515625 0.1171875
2 0.059375 0.44453125 0.0421875 0.1
2 0.06875 0.86015625 0.0515625 0.134375
2 0.63828125 0.4375 0.04375 0.109375
2 0.71953125 0.23671875 0.0390625 0.0625
2 0.33203125 0.70703125 0.0484375 0.115625
2 0.975 0.315625 0.0453125 0.078125
2 0.42890625 0.87890625 0.0484375 0.1203125
2 0.38984375 0.87734375 0.0453125 0.1140625
2 0.55859375 0.44140625 0.046875 0.1
2 0.60234375 0.4390625 0.040625 0.103125
2 0.22109375 0.5671875 0.03984375 0.1140625
2 0.18203125 0.45078125 0.040625 0.08125
2 0.5109375 0.70546875 0.046875 0.121875
2 0.76328125 0.2390625 0.04375 0.0546875
2 0.97578125 0.45234375 0.0421875 0.0765625
2 0.02578125 0.85546875 0.0515625 0.1421875
2 0.0828125 0.70078125 0.03671875 0.11875
2 0.44375 0.4421875 0.040625 0.1
2 0.1203125 0.8625 0.053125 0.1328125
2 0.12265625 0.16640625 0.0390625 0.0546875
2 0.7328125 0.575 0.0578125 0.090625
2 0.72578125 0.32578125 0.0453125 0.0609375
2 0.6703125 0.5765625 0.0546875 0.0890625
2 0.91875 0.4453125 0.05 0.084375
2 0.51328125 0.44140625 0.0484375 0.1
2 0.36015625 0.44140625 0.0453125 0.1015625
2 0.14140625 0.45 0.04375 0.0828125
2 0.2828125 0.44296875 0.040625 0.1
2 0.325 0.4421875 0.0390625 0.1015625
2 0.77265625 0.44375 0.0515625 0.0921875
2 0.22734375 0.45234375 0.0453125 0.0765625
2 0.4046875 0.44296875 0.04375 0.1
2 0.82578125 0.44765625 0.040625 0.0828125
2 0.8640625 0.446875 0.040625 0.0828125
2 0.7109375 0.44375 0.053125 0.0953125
2 0.61875 0.70859375 0.0375 0.121875
2 0.65546875 0.7078125 0.0359375 0.1171875
2 0.44375 0.16484375 0.03828125 0.040625
2 0.40859375 0.16484375 0.0328125 0.03984375
2 0.5640625 0.16796875 0.03046875 0.03359375
2 0.59296875 0.1671875 0.028125 0.02890625
2 0.62109375 0.1671875 0.028125 0.03046875
2 0.66171875 0.253125 0.02890625 0.0328125
2 0.62734375 0.25390625 0.0296875 0.03203125
2 0.59296875 0.2578125 0.028125 0.03125
2 0.565625 0.25625 0.02734375 0.0296875
2 0.490625 0.253125 0.0359375 0.03984375
2 0.45078125 0.25078125 0.0375 0.04453125
2 0.41484375 0.25078125 0.03671875 0.04609375
2 0.378125 0.2515625 0.0375 0.04609375
2 0.3421875 0.2515625 0.03671875 0.04609375
2 0.3109375 0.25625 0.028125 0.0375
2 0.28125 0.25546875 0.03046875 0.03671875
2 0.11640625 0.25234375 0.03359375 0.05625
2 0.2078125 0.33984375 0.034375 0.0484375
2 0.1578125 0.33828125 0.0375 0.05703125
2 0.1140625 0.3375 0.03515625 0.0578125
2 0.07734375 0.3390625 0.034375 0.05546875
2 0.27421875 0.3390625 0.0328125 0.05
2 0.3078125 0.3375 0.0375 0.0515625
2 0.340625 0.33984375 0.028125 0.0484375
2 0.38359375 0.3421875 0.03125 0.040625
2 0.421875 0.33671875 0.0390625 0.046875
2 0.46171875 0.33671875 0.0390625 0.04921875
2 0.503125 0.340625 0.0359375 0.040625
2 0.54140625 0.33984375 0.04375 0.04296875
2 0.5859375 0.32890625 0.04609375 0.05859375
2 0.2 0.5671875 0.0265625 0.1109375
2 0.2578125 0.56875 0.03515625 0.1125
2 0.5515625 0.57109375 0.034375 0.10625
2 0.5859375 0.57109375 0.03515625 0.1078125
2 0.61953125 0.5765625 0.03203125 0.0984375
2 0.96640625 0.5734375 0.02578125 0.1015625
2 0.984375 0.70859375 0.03125 0.1140625
2 0.7296875 0.70625 0.03671875 0.121875
2 0.69375 0.70546875 0.04140625 0.121875
2 0.58203125 0.703125 0.03359375 0.121875