2 0.66015625 0.75703125 0.059375 0.0890625
2 0.4859375 0.75390625 0.1015625 0.08359375
2 0.659375 0.57265625 0.06484375 0.08046875
2 0.84765625 0.584375 0.08828125 0.07109375
2 0.653125 0.38203125 0.05078125 0.0609375
2 0.4578125 0.1890625 0.046875 0.0546875
2 0.4640625 0.390625 0.05546875 0.0609375
2 0.56328125 0.478125 0.071875 0.06015625
2 0.47421875 0.565625 0.09921875 0.07890625
2 0.38515625 0.48203125 0.09609375 0.0640625
2 0.290625 0.39140625 0.0859375 0.05625
2 0.2859375 0.571875 0.05546875 0.0484375
2 0.13828125 0.5703125 0.06328125 0.04296875
2 0.284375 0.7484375 0.06328125 0.05078125
2 0.471875 0.92109375 0.06953125 0.0984375