2 0.9859375 0.7796875 0.028125 0.1125
2 0.71640625 0.79609375 0.0609375 0.15625
2 0.60078125 0.60546875 0.034375 0.14375
2 0.0625 0.27890625 0.03125 0.040625
2 0.728125 0.26796875 0.03984375 0.078125
2 0.21796875 0.44375 0.06328125 0.13984375
2 0.153125 0.45078125 0.06328125 0.11796875
2 0.771875 0.26953125 0.03203125 0.07578125
2 0.11328125 0.2328125 0.034375 0.04921875
2 0.1390625 0.28125 0.02578125 0.04765625
2 0.459375 0.43984375 0.0578125 0.15
2 0.2515625 0.225 0.040625 0.0609375
2 0.284375 0.44609375 0.0546875 0.13984375
2 0.6421875 0.60234375 0.0453125 0.146875
2 0.37578125 0.62890625 0.0625 0.1234375
2 0.83671875 0.26484375 0.0359375 0.0984375
2 0.18203125 0.275 0.04375 0.059375
2 0.22734375 0.28125 0.040625 0.059375
2 0.115625 0.2765625 0.025 0.0515625
2 0.0921875 0.278125 0.0296875 0.046875
2 0.496875 0.2671875 0.0453125 0.103125
2 0.45078125 0.63046875 0.0625 0.1109375
2 0.94296875 0.78359375 0.0609375 0.146875
2 0.6578125 0.26640625 0.0328125 0.08125
2 0.6265625 0.2625 0.028125 0.08203125
2 0.61640625 0.41640625 0.0515625 0.1453125
2 0.66171875 0.803125 0.065625 0.15
2 0.34453125 0.446875 0.05625 0.1390625
2 0.40625 0.44609375 0.05625 0.1375
2 0.69140625 0.26484375 0.0359375 0.0796875
2 0.80390625 0.26875 0.03125 0.08125
2 0.9375 0.27109375 0.0359375 0.0921875
2 0.54453125 0.26875 0.046875 0.10078125
2 0.28046875 0.265625 0.046875 0.09296875
2 0.8890625 0.784375 0.0515625 0.1484375
2 0.39140625 0.2671875 0.046875 0.09765625
2 0.20390625 0.2234375 0.04375 0.065625
2 0.09140625 0.45 0.06015625 0.1203125
2 0.821875 0.41875 0.0578125 0.1359375
2 0.359375 0.815625 0.05625 0.1484375
2 0.8703125 0.26796875 0.0359375 0.090625
2 0.9703125 0.2703125 0.040625 0.0984375
2 0.44375 0.26953125 0.0484375 0.09453125
2 0.903125 0.26953125 0.0375 0.090625
2 0.68828125 0.6015625 0.04609375 0.14296875
2 0.33828125 0.2671875 0.0546875 0.0890625
2 0.7703125 0.41484375 0.04609375 0.14296875
2 0.8296875 0.7859375 0.0515625 0.146875
2 0.77578125 0.79609375 0.059375 0.1515625
2 0.821875 0.6015625 0.05625 0.1453125
2 0.8796875 0.41640625 0.05703125 0.13828125
2 0.66875 0.415625 0.053125 0.1421875
2 0.78203125 0.60234375 0.04921875 0.14609375
2 0.73359375 0.60234375 0.0484375 0.14609375
2 0.24375 0.8171875 0.0640625 0.1640625
2 0.9734375 0.41953125 0.0515625 0.13125
2 0.93125 0.415625 0.04921875 0.13515625
2 0.72109375 0.41796875 0.05625 0.1390625
2 0.87890625 0.6 0.0609375 0.1484375
2 0.2359375 0.62734375 0.0578125 0.1359375
2 0.61171875 0.80234375 0.071875 0.15625
2 0.1703125 0.62734375 0.0640625 0.1375
2 0.55625 0.44296875 0.04765625 0.13984375
2 0.51171875 0.4421875 0.05078125 0.1359375
2 0.14296875 0.23203125 0.03125 0.04375
2 0.16875 0.2375 0.025 0.05234375
2 0.29375 0.215625 0.0359375 0.08046875
2 0.3421875 0.22109375 0.0484375 0.08359375
2 0.39296875 0.221875 0.0421875 0.08125
2 0.44296875 0.221875 0.0546875 0.084375
2 0.49140625 0.21875 0.0484375 0.0828125
2 0.53984375 0.2203125 0.04140625 0.08046875