2 0.165625 0.70546875 0.0515625 0.1234375
2 0.1328125 0.39140625 0.040625 0.1140625
2 0.3203125 0.41328125 0.05 0.075
2 0.740625 0.3984375 0.046875 0.1078125
2 0.31640625 0.2640625 0.040625 0.0640625
2 0.06875 0.2640625 0.0359375 0.05
2 0.36171875 0.2640625 0.0359375 0.065625
2 0.26484375 0.70625 0.05 0.1171875
2 0.35859375 0.70703125 0.046875 0.1171875
2 0.41796875 0.41796875 0.0375 0.0609375
2 0.64609375 0.41328125 0.046875 0.08125
2 0.68984375 0.4125 0.04375 0.0828125
2 0.58671875 0.27265625 0.0390625 0.05625
2 0.4578125 0.4171875 0.040625 0.0609375
2 0.40703125 0.26328125 0.0359375 0.0671875
2 0.03671875 0.55234375 0.0390625 0.1171875
2 0.3703125 0.4125 0.05 0.0734375
2 0.45078125 0.265625 0.0375 0.0625
2 0.11796875 0.38984375 0.040625 0.115625
2 0.02890625 0.88125 0.0578125 0.125
2 0.76640625 0.55390625 0.0546875 0.10625
2 0.66484375 0.26953125 0.0359375 0.0609375
2 0.1125 0.70078125 0.053125 0.1328125
2 0.7015625 0.5578125 0.0578125 0.1140625
2 0.7046875 0.26953125 0.0359375 0.0609375
2 0.31171875 0.70859375 0.05 0.1171875
2 0.54453125 0.26953125 0.040625 0.05625
2 0.0234375 0.7015625 0.046875 0.1328125
2 0.040625 0.38984375 0.04375 0.115625
2 0.078125 0.38984375 0.0421875 0.1125
2 0.62734375 0.26796875 0.0359375 0.0625
2 0.1125 0.553125 0.04375 0.1171875
2 0.07421875 0.5546875 0.0453125 0.1140625
2 0.59453125 0.5625 0.0515625 0.1
2 0.53671875 0.85703125 0.0703125 0.1375
2 0.49921875 0.26484375 0.040625 0.0640625
2 0.06640625 0.6984375 0.05 0.1328125
2 0.79296875 0.26015625 0.04375 0.0796875
2 0.38828125 0.55546875 0.0515625 0.109375
2 0.4390625 0.56015625 0.0546875 0.1046875
2 0.74453125 0.859375 0.075 0.128125
2 0.334375 0.5546875 0.0546875 0.1125
2 0.65390625 0.8578125 0.0640625 0.13125
2 0.7453125 0.2609375 0.0390625 0.0796875
2 0.54453125 0.5640625 0.05 0.0984375
2 0.49140625 0.56171875 0.053125 0.1015625
2 0.01953125 0.26328125 0.0390625 0.0609375
2 0.2703125 0.26875 0.046875 0.0515625
2 0.23046875 0.26796875 0.040625 0.053125
2 0.19375 0.265625 0.040625 0.053125
2 0.27265625 0.425 0.0515625 0.05625
2 0.21875 0.42421875 0.05625 0.053125
2 0.165625 0.42109375 0.0609375 0.0546875
2 0.09765625 0.88203125 0.0890625 0.134375
2 0.2171875 0.709375 0.0484375 0.12421875
2 0.5359375 0.421875 0.03671875 0.06484375
2 0.49921875 0.41640625 0.03671875 0.0671875
2 0.575 0.42109375 0.040625 0.06875
2 0.61171875 0.4203125 0.03828125 0.065625
2 0.7890625 0.396875 0.05078125 0.1140625
2 0.15234375 0.265625 0.04296875 0.059375
2 0.09921875 0.26640625 0.03671875 0.05859375