2 0.03046875 0.1953125 0.0609375 0.2765625
2 0.09453125 0.20625 0.06796875 0.25859375
2 0.18984375 0.209375 0.07109375 0.25078125
2 0.25390625 0.21015625 0.065625 0.25078125
2 0.47109375 0.21953125 0.0421875 0.23984375
2 0.52578125 0.2234375 0.06796875 0.2375
2 0.58515625 0.22421875 0.0609375 0.23671875
2 0.7921875 0.23203125 0.06015625 0.2390625
2 0.74140625 0.22890625 0.0546875 0.24140625
2 0.9765625 0.57265625 0.046875 0.24140625
2 0.94140625 0.60703125 0.03984375 0.1765625
2 0.79765625 0.5796875 0.06328125 0.21015625
2 0.75078125 0.5640625 0.05234375 0.17890625
2 0.740625 0.596875 0.0734375 0.2203125
2 0.5875 0.57890625 0.05078125 0.2203125
2 0.5640625 0.59921875 0.0703125 0.23359375
2 0.51953125 0.51640625 0.0390625 0.09453125
2 0.50078125 0.603125 0.07109375 0.24453125
2 0.4609375 0.58515625 0.0359375 0.2296875
2 0.3578125 0.5984375 0.046875 0.22890625
2 0.3328125 0.61875 0.0703125 0.24140625
2 0.2890625 0.60078125 0.05234375 0.24140625
2 0.2578125 0.61875 0.07109375 0.24453125
2 0.221875 0.534375 0.0390625 0.115625
2 0.1953125 0.62109375 0.06328125 0.24921875
2 0.09921875 0.603125 0.05703125 0.25
2 0.05703125 0.62421875 0.0703125 0.26328125
2 0.0203125 0.60546875 0.03984375 0.26015625
2 0.0625 0.93671875 0.06640625 0.1265625
2 0.06796875 0.9015625 0.0578125 0.11640625
2 0.01640625 0.896875 0.0296875 0.134375
2 0.0140625 0.9390625 0.028125 0.12109375
2 0.3296875 0.9125 0.0546875 0.17421875
2 0.29765625 0.92734375 0.0578125 0.1453125
2 0.26484375 0.88359375 0.0421875 0.11328125
2 0.2375 0.92734375 0.0625 0.1453125
2 0.19921875 0.91875 0.05234375 0.1625
2 0.5765625 0.8984375 0.04453125 0.203125
2 0.55859375 0.91328125 0.0609375 0.1734375
2 0.509375 0.9 0.05078125 0.2
2 0.465625 0.903125 0.03671875 0.19296875
2 0.9328125 0.8890625 0.05859375 0.221875
2 0.8078125 0.903125 0.0609375 0.19296875
2 0.771875 0.8359375 0.03125 0.1078125
2 0.75703125 0.9046875 0.0640625 0.18984375
2 0.71171875 0.90859375 0.05234375 0.18203125
2 0.721875 0.8421875 0.02890625 0.1
2 0.31796875 0.21640625 0.06875 0.25234375
2 0.98671875 0.23359375 0.0265625 0.2234375
2 0.9546875 0.25546875 0.0375 0.17421875