2 0.365625 0.2890625 0.0375 0.0671875
2 0.93046875 0.55625 0.040625 0.10625
2 0.53125 0.840625 0.0484375 0.1
2 0.028125 0.50703125 0.05625 0.14375
2 0.7203125 0.44609375 0.05625 0.0609375
2 0.93359375 0.4203125 0.0453125 0.1
2 0.2125 0.28671875 0.0359375 0.0640625
2 0.65703125 0.56796875 0.040625 0.1078125
2 0.571875 0.84140625 0.05 0.103125
2 0.98125 0.68046875 0.034375 0.096875
2 0.3046875 0.45078125 0.0390625 0.0515625
2 0.7 0.71484375 0.04375 0.121875
2 0.75 0.86796875 0.040625 0.121875
2 0.1140625 0.71875 0.059375 0.128125
2 0.12890625 0.5734375 0.0453125 0.1109375
2 0.17421875 0.2859375 0.046875 0.0703125
2 0.68984375 0.56953125 0.040625 0.103125
2 0.62734375 0.57109375 0.0375 0.103125
2 0.82265625 0.5671875 0.04375 0.10625
2 0.740625 0.715625 0.04375 0.1203125
2 0.16484375 0.71484375 0.0484375 0.1125
2 0.84453125 0.1609375 0.046875 0.103125
2 0.79296875 0.56796875 0.0421875 0.1046875
2 0.62265625 0.11328125 0.06875 0.2
2 0.96171875 0.565625 0.0484375 0.109375
2 0.58828125 0.85 0.0578125 0.109375
2 0.98125 0.41328125 0.034375 0.0890625
2 0.12578125 0.8875 0.053125 0.1171875
2 0.334375 0.5734375 0.0390625 0.10625
2 0.09765625 0.57578125 0.0453125 0.1078125
2 0.8890625 0.56640625 0.04375 0.10625
2 0.72109375 0.5671875 0.040625 0.10625
2 0.65625 0.71796875 0.04375 0.121875
2 0.4765625 0.28359375 0.05 0.075
2 0.7328125 0.1609375 0.0578125 0.1046875
2 0.55859375 0.434375 0.0484375 0.0828125
2 0.46640625 0.87421875 0.0421875 0.1203125
2 0.38359375 0.87890625 0.04375 0.121875
2 0.7890625 0.16328125 0.059375 0.103125
2 0.27109375 0.5734375 0.0390625 0.10625
2 0.4234375 0.878125 0.040625 0.121875
2 0.496875 0.57109375 0.040625 0.1046875
2 0.303125 0.5734375 0.0390625 0.10625
2 0.43203125 0.57109375 0.0390625 0.1046875
2 0.7828125 0.86875 0.0484375 0.1203125
2 0.43984375 0.71484375 0.046875 0.128125
2 0.29921875 0.87734375 0.046875 0.13125
2 0.2453125 0.88046875 0.0515625 0.121875
2 0.5703125 0.10625 0.06875 0.2046875
2 0.75859375 0.56796875 0.04375 0.10625
2 0.5046875 0.11171875 0.0671875 0.196875
2 0.10546875 0.1328125 0.0625 0.15
2 0.66953125 0.4484375 0.046875 0.053125
2 0.85390625 0.5671875 0.0484375 0.1046875
2 0.7796875 0.71171875 0.0453125 0.125
2 0.90703125 0.2796875 0.0421875 0.0875
2 0.17421875 0.8875 0.0484375 0.11875
2 0.5953125 0.56953125 0.0390625 0.103125
2 0.40234375 0.571875 0.040625 0.1046875
2 0.41796875 0.2875 0.0546875 0.06875
2 0.8625 0.70703125 0.0453125 0.1265625
2 0.8703125 0.28046875 0.04375 0.0859375
2 0.23671875 0.575 0.0390625 0.10625
2 0.3421875 0.8796875 0.046875 0.1234375
2 0.88359375 0.86953125 0.05 0.115625
2 0.46484375 0.57109375 0.040625 0.10625
2 0.565625 0.5703125 0.0375 0.1015625
2 0.3671875 0.57265625 0.04375 0.10625
2 0.53203125 0.56875 0.0390625 0.1046875
2 0.9234375 0.86640625 0.0515625 0.115625
2 0.53203125 0.28359375 0.05 0.078125
2 0.53046875 0.7140625 0.0484375 0.128125
2 0.6125 0.44609375 0.046875 0.0578125
2 0.465625 0.43515625 0.0453125 0.078125
2 0.825 0.28125 0.0484375 0.08125
2 0.41953125 0.43671875 0.0453125 0.08125
2 0.3984375 0.715625 0.0484375 0.125
2 0.3578125 0.71640625 0.046875 0.1265625
2 0.16484375 0.57421875 0.04375 0.109375
2 0.57265625 0.715625 0.046875 0.128125
2 0.26171875 0.71796875 0.05 0.121875
2 0.6140625 0.715625 0.046875 0.128125
2 0.5109375 0.43515625 0.046875 0.08125
2 0.484375 0.71484375 0.05 0.128125
2 0.90390625 0.16015625 0.05625 0.10625
2 0.71171875 0.2828125 0.059375 0.0796875
2 0.82109375 0.709375 0.0453125 0.128125
2 0.20546875 0.72109375 0.0515625 0.121875
2 0.82890625 0.8671875 0.0515625 0.121875
2 0.95859375 0.15859375 0.0609375 0.1171875
2 0.0625 0.13359375 0.065625 0.15
2 0.04609375 0.68515625 0.0921875 0.1671875
2 0.3125 0.71796875 0.053125 0.1234375
2 0.353125 0.2890625 0.04375 0.06875
2 0.20234375 0.575 0.0421875 0.1046875
2 0.2453125 0.2890625 0.0515625 0.0671875
2 0.5890625 0.2828125 0.05 0.0765625
2 0.21328125 0.134375 0.059375 0.15
2 0.7625 0.2828125 0.0546875 0.078125
2 0.64375 0.28125 0.0546875 0.0796875
2 0.3953125 0.14765625 0.0515625 0.13125
2 0.303125 0.28984375 0.0453125 0.065625
2 0.34765625 0.14609375 0.05625 0.1328125
2 0.16015625 0.13203125 0.0609375 0.1484375
2 0.9703125 0.8671875 0.0546875 0.115625
2 0.44609375 0.146875 0.05 0.13125
2 0.29296875 0.14453125 0.0578125 0.1328125
2 0.04609375 0.33203125 0.0921875 0.1375
2 0.33984375 0.45234375 0.040625 0.0546875
2 0.71484375 0.85 0.040625 0.096875
2 0.484375 0.853125 0.034375 0.0875
2 0.37578125 0.45234375 0.0375 0.0515625
2 0.26796875 0.4484375 0.03671875 0.05546875
2 0.2328125 0.45 0.0359375 0.05234375
2 0.19609375 0.4515625 0.03828125 0.053125
2 0.15859375 0.4515625 0.03671875 0.053125
2 0.1234375 0.44921875 0.0375 0.046875
2 0.9875 0.15 0.025 0.128125
2 0.88671875 0.440625 0.05 0.07109375
2 0.834375 0.4390625 0.05546875 0.07265625
2 0.7796875 0.4375 0.0546875 0.07265625
2 0.05078125 0.8609375 0.1015625 0.1359375