2 0.46796875 0.0640625 0.0796875 0.0703125
2 0.6296875 0.065625 0.08125 0.0796875
2 0.78359375 0.06328125 0.1 0.0765625
2 0.86640625 0.0640625 0.09375 0.071875
2 0.94375 0.059375 0.10390625 0.0734375
2 0.8578125 0.13359375 0.10859375 0.06875
2 0.86640625 0.2078125 0.0890625 0.06171875
2 0.7796875 0.2140625 0.0984375 0.07109375
2 0.93828125 0.28125 0.10859375 0.065625
2 0.8703125 0.28515625 0.09296875 0.06171875
2 0.7859375 0.2890625 0.08828125 0.0671875
2 0.709375 0.29140625 0.08125 0.0609375
2 0.546875 0.14296875 0.084375 0.0640625
2 0.4734375 0.14453125 0.0734375 0.06875
2 0.31953125 0.065625 0.07578125 0.0765625
2 0.31875 0.146875 0.06640625 0.0640625
2 0.1640625 0.0734375 0.06328125 0.0640625
2 0.16328125 0.14921875 0.06875 0.05859375
2 0.24296875 0.21796875 0.0734375 0.0671875
2 0.16484375 0.22265625 0.06328125 0.059375
2 0.1625 0.29765625 0.06796875 0.0625
2 0.396875 0.2140625 0.06875 0.06328125
2 0.54921875 0.21796875 0.08125 0.06328125
2 0.62578125 0.21328125 0.07890625 0.06328125
2 0.634375 0.28984375 0.0734375 0.0609375
2 0.5515625 0.29375 0.0796875 0.0609375
2 0.47265625 0.296875 0.075 0.0609375
2 0.39609375 0.29375 0.06796875 0.06171875
2 0.31875 0.2921875 0.06875 0.059375
2 0.24140625 0.36171875 0.07578125 0.07265625
2 0.5515625 0.3609375 0.08359375 0.06796875
2 0.62890625 0.36796875 0.08046875 0.0625
2 0.78125 0.36484375 0.09609375 0.065625
2 0.8640625 0.36171875 0.09140625 0.0640625
2 0.94453125 0.3625 0.1 0.0640625
2 0.940625 0.43125 0.10625 0.06953125
2 0.86796875 0.434375 0.0953125 0.0640625
2 0.78671875 0.44375 0.09140625 0.06328125
2 0.70390625 0.43671875 0.084375 0.0671875
2 0.628125 0.44140625 0.08125 0.0640625
2 0.55078125 0.44140625 0.075 0.06640625
2 0.47265625 0.43359375 0.07890625 0.07109375
2 0.396875 0.44609375 0.07109375 0.0640625
2 0.31796875 0.446875 0.07109375 0.06328125
2 0.24140625 0.43984375 0.07421875 0.06953125
2 0.1625 0.440625 0.0734375 0.06640625
2 0.1625 0.51484375 0.0734375 0.071875
2 0.240625 0.5171875 0.06875 0.06953125
2 0.31796875 0.521875 0.0703125 0.0671875
2 0.39375 0.51328125 0.0703125 0.07421875
2 0.47109375 0.515625 0.071875 0.07265625
2 0.53984375 0.50859375 0.08359375 0.07109375
2 0.62421875 0.51640625 0.0890625 0.0765625
2 0.70703125 0.51875 0.096875 0.0734375
2 0.7859375 0.51953125 0.0890625 0.065625
2 0.8640625 0.5125 0.0984375 0.06796875
2 0.934375 0.50859375 0.10625 0.07578125
2 0.85859375 0.58828125 0.09921875 0.07578125
2 0.78046875 0.5921875 0.09609375 0.07421875
2 0.7015625 0.59375 0.09375 0.0796875
2 0.31875 0.596875 0.06953125 0.06953125
2 0.16171875 0.58515625 0.07578125 0.07578125
2 0.1609375 0.66328125 0.07109375 0.08125
2 0.24453125 0.66328125 0.0640625 0.078125
2 0.31796875 0.671875 0.07578125 0.07265625
2 0.4734375 0.665625 0.084375 0.08359375
2 0.54921875 0.67109375 0.08359375 0.07734375
2 0.62421875 0.6703125 0.090625 0.08125
2 0.7015625 0.6578125 0.0984375 0.07421875
2 0.78125 0.6625 0.09921875 0.084375
2 0.85546875 0.6578125 0.109375 0.08046875
2 0.92421875 0.65390625 0.13203125 0.07734375
2 0.628125 0.590625 0.0890625 0.08203125
2 0.5421875 0.58125 0.09140625 0.08125
2 0.46796875 0.58203125 0.0765625 0.0734375
2 0.3921875 0.67109375 0.08203125 0.08828125
2 0.2375 0.5921875 0.09140625 0.0984375
2 0.93828125 0.58125 0.1109375 0.07421875
2 0.39375 0.3625 0.078125 0.071875