2 0.25859375 0.875 0.1125 0.15625
2 0.525 0.66328125 0.0921875 0.15625
2 0.10625 0.30078125 0.1125 0.171875
2 0.14453125 0.8875 0.1078125 0.16875
2 0.12265625 0.5 0.1125 0.1578125
2 0.20390625 0.09140625 0.121875 0.1765625
2 0.33203125 0.6859375 0.096875 0.1578125
2 0.4296875 0.1015625 0.1109375 0.16875
2 0.63515625 0.30703125 0.0984375 0.1609375
2 0.24140625 0.69765625 0.1015625 0.15625
2 0.2171875 0.3046875 0.1109375 0.1734375
2 0.09140625 0.0859375 0.1125 0.1703125
2 0.32578125 0.49609375 0.1015625 0.1609375
2 0.62265625 0.5 0.096875 0.125
2 0.2234375 0.49765625 0.1015625 0.1640625
2 0.340625 0.30546875 0.1015625 0.1734375
2 0.8140625 0.11484375 0.109375 0.1578125
2 0.415625 0.4953125 0.0875 0.1484375
2 0.434375 0.66328125 0.09375 0.159375
2 0.35078125 0.86328125 0.0953125 0.1625
2 0.5375 0.30859375 0.1109375 0.1671875
2 0.61953125 0.65703125 0.096875 0.159375
2 0.5234375 0.50234375 0.1 0.1265625
2 0.7140625 0.115625 0.0984375 0.159375
2 0.440625 0.30625 0.09375 0.1703125
2 0.115625 0.709375 0.1 0.16875
2 0.31953125 0.0921875 0.1125 0.1828125
2 0.709375 0.6515625 0.09375 0.1546875
2 0.69921875 0.82578125 0.0921875 0.1453125
2 0.8125 0.48203125 0.096875 0.1609375
2 0.815625 0.309375 0.1015625 0.1671875
2 0.78984375 0.64609375 0.0921875 0.1515625
2 0.44765625 0.85078125 0.0890625 0.153125
2 0.71953125 0.48203125 0.0984375 0.1640625
2 0.53359375 0.1 0.0984375 0.178125
2 0.72734375 0.3078125 0.09375 0.1703125
2 0.61328125 0.82734375 0.090625 0.153125
2 0.53125 0.83984375 0.090625 0.1515625
2 0.78359375 0.8203125 0.0953125 0.14375
2 0.63046875 0.10390625 0.096875 0.175