2 0.68671875 0.48046875 0.15859375 0.22265625
2 0.49765625 0.175 0.1375 0.20859375
2 0.396875 0.328125 0.13203125 0.20859375
2 0.596875 0.31953125 0.140625 0.1984375
2 0.49765625 0.471875 0.134375 0.203125
2 0.59296875 0.6234375 0.1390625 0.20859375
2 0.4953125 0.7546875 0.140625 0.25
2 0.396875 0.6203125 0.1453125 0.21796875
2 0.30859375 0.47421875 0.16640625 0.2109375
2 0.91484375 0.8515625 0.1703125 0.27734375
2 0.775 0.8625 0.16484375 0.27421875
2 0.34453125 0.91171875 0.1375 0.1640625
2 0.15 0.92421875 0.1734375 0.146875
2 0.08984375 0.171875 0.1796875 0.2375
2 0.90390625 0.13828125 0.1921875 0.2765625
2 0.20859375 0.08125 0.15703125 0.16171875