2 0.10390625 0.2484375 0.0703125 0.246875
2 0.22578125 0.2484375 0.06875 0.25078125
2 0.3515625 0.2515625 0.0703125 0.246875
2 0.46953125 0.2515625 0.06640625 0.24921875
2 0.59453125 0.25078125 0.06875 0.25
2 0.53125 0.4515625 0.06640625 0.2515625
2 0.41171875 0.45078125 0.06796875 0.2515625
2 0.28984375 0.45078125 0.06640625 0.2515625
2 0.16875 0.44921875 0.07109375 0.25390625
2 0.23125 0.66171875 0.071875 0.2546875
2 0.35703125 0.66328125 0.071875 0.253125
2 0.47578125 0.66171875 0.06796875 0.25078125
2 0.59375 0.6625 0.06796875 0.25078125
2 0.97265625 0.66328125 0.0546875 0.25546875
2 0.92109375 0.45234375 0.0734375 0.253125
2 0.97421875 0.25234375 0.0515625 0.24921875
2 0.8609375 0.253125 0.06953125 0.25