2 0.98125 0.7015625 0.0375 0.278125
2 0.940625 0.703125 0.04609375 0.2828125
2 0.8921875 0.70625 0.05234375 0.28046875
2 0.84453125 0.70625 0.04375 0.27265625
2 0.80078125 0.70625 0.04375 0.27265625
2 0.75625 0.7078125 0.04609375 0.2703125
2 0.71171875 0.7078125 0.04375 0.26796875
2 0.665625 0.709375 0.04609375 0.2703125
2 0.6234375 0.71171875 0.0421875 0.2703125
2 0.578125 0.71015625 0.04609375 0.2703125
2 0.53515625 0.71328125 0.040625 0.265625
2 0.490625 0.71171875 0.0421875 0.2625
2 0.45 0.715625 0.0375 0.2625
2 0.41015625 0.7140625 0.0390625 0.25546875
2 0.028125 0.71328125 0.0421875 0.25546875
2 0.06875 0.7140625 0.040625 0.2578125
2 0.11171875 0.7140625 0.04375 0.2625
2 0.15546875 0.715625 0.040625 0.26015625
2 0.196875 0.71328125 0.040625 0.2625
2 0.23671875 0.7140625 0.040625 0.265625
2 0.2796875 0.715625 0.04609375 0.265625
2 0.32265625 0.71328125 0.040625 0.2703125
2 0.0203125 0.44921875 0.040625 0.265625
2 0.05859375 0.44765625 0.0421875 0.2625
2 0.10078125 0.44765625 0.04609375 0.2625
2 0.14375 0.4453125 0.04375 0.26015625
2 0.18359375 0.4453125 0.04765625 0.26796875
2 0.221875 0.44375 0.04375 0.2625
2 0.265625 0.44375 0.04609375 0.2625
2 0.30859375 0.43984375 0.04375 0.26796875
2 0.39921875 0.44609375 0.0375 0.26015625
2 0.4421875 0.43984375 0.04609375 0.2625
2 0.48515625 0.4390625 0.0421875 0.26796875
2 0.52734375 0.4375 0.04375 0.27265625
2 0.57265625 0.43125 0.04609375 0.2703125
2 0.61328125 0.43359375 0.04375 0.278125
2 0.65703125 0.43125 0.04609375 0.27578125
2 0.70390625 0.4296875 0.04609375 0.27265625
2 0.746875 0.42734375 0.04765625 0.27578125
2 0.79296875 0.4234375 0.04765625 0.278125
2 0.8390625 0.425 0.040625 0.278125
2 0.88515625 0.41875 0.04921875 0.278125
2 0.93046875 0.41953125 0.04609375 0.28046875
2 0.9765625 0.4171875 0.04609375 0.278125
2 0.97421875 0.13515625 0.04609375 0.2703125
2 0.9265625 0.1375 0.04609375 0.27265625
2 0.878125 0.1390625 0.04609375 0.2703125
2 0.8328125 0.1375 0.04375 0.2703125
2 0.7859375 0.1390625 0.04609375 0.27265625
2 0.73984375 0.14375 0.0421875 0.27265625
2 0.6953125 0.146875 0.04765625 0.27265625
2 0.65 0.15078125 0.0421875 0.2625
2 0.60546875 0.1546875 0.04375 0.26796875
2 0.56171875 0.1578125 0.040625 0.26796875
2 0.5171875 0.16484375 0.04765625 0.2625
2 0.47421875 0.1671875 0.0390625 0.26015625
2 0.4328125 0.171875 0.040625 0.25
2 0.390625 0.17734375 0.04375 0.25234375
2 0.3 0.16484375 0.04765625 0.26796875
2 0.253125 0.1671875 0.04609375 0.27265625
2 0.209375 0.17109375 0.04375 0.2703125
2 0.1671875 0.17109375 0.0421875 0.2625
2 0.1265625 0.17578125 0.040625 0.2625
2 0.08671875 0.17890625 0.0359375 0.2625
2 0.04609375 0.18125 0.0421875 0.2625
2 0.03671875 0.92578125 0.0375 0.14765625
2 0.0765625 0.92421875 0.04375 0.1515625
2 0.11953125 0.92421875 0.0390625 0.1515625
2 0.1609375 0.9234375 0.040625 0.15078125
2 0.20234375 0.92578125 0.0421875 0.14765625
2 0.24453125 0.9234375 0.040625 0.153125
2 0.28671875 0.92578125 0.0421875 0.14296875
2 0.3296875 0.92578125 0.040625 0.14765625
2 0.41796875 0.928125 0.0359375 0.14375
2 0.46015625 0.9296875 0.04375 0.140625
2 0.5015625 0.92734375 0.0390625 0.1453125
2 0.54296875 0.92734375 0.04375 0.1453125
2 0.5859375 0.921875 0.04375 0.15078125
2 0.63125 0.92578125 0.04765625 0.14765625
2 0.67890625 0.92578125 0.04375 0.14765625
2 0.72265625 0.92578125 0.040625 0.1453125
2 0.76796875 0.92578125 0.04765625 0.14765625
2 0.8140625 0.92734375 0.04921875 0.1453125
2 0.859375 0.92578125 0.04609375 0.14765625
2 0.9046875 0.925 0.04765625 0.14296875
2 0.95078125 0.92578125 0.04375 0.14765625