2 0.85859375 0.2640625 0.26171875 0.0828125
2 0.85625 0.53125 0.26328125 0.08984375
2 0.56015625 0.52421875 0.253125 0.08984375
2 0.5671875 0.265625 0.25625 0.0875
2 0.86875 0.95625 0.25 0.07734375
2 0.32734375 0.434375 0.178125 0.0515625
2 0.30859375 0.2703125 0.221875 0.075
2 0.3171875 0.684375 0.19140625 0.0796875
2 0.025 0.75234375 0.04375 0.0875
2 0.56640625 0.7875 0.2453125 0.09296875
2 0.84765625 0.8109375 0.278125 0.09296875
2 0.85234375 0.71796875 0.27421875 0.0875
2 0.29921875 0.77578125 0.22578125 0.09765625
2 0.31171875 0.9390625 0.20234375 0.08984375
2 0.303125 0.51796875 0.21875 0.08515625
2 0.07734375 0.51015625 0.15390625 0.08515625
2 0.08125 0.26953125 0.15859375 0.07734375
2 0.08984375 0.20078125 0.1453125 0.06171875
2 0.334375 0.20078125 0.16640625 0.0640625
2 0.13203125 0.76015625 0.0421875 0.08515625
2 0.08203125 0.75234375 0.05078125 0.08984375