2 0.5203125 0.340625 0.02109375 0.084375
2 0.95703125 0.59765625 0.040625 0.1078125
2 0.9828125 0.2578125 0.03125 0.0625
2 0.92578125 0.26328125 0.025 0.03671875
2 0.63984375 0.728125 0.075 0.09375
2 0.91953125 0.59609375 0.040625 0.10625
2 0.72734375 0.596875 0.0359375 0.109375
2 0.68984375 0.2453125 0.0359375 0.0625
2 0.70390625 0.725 0.0625 0.0890625
2 0.1640625 0.4578125 0.040625 0.10625
2 0.82578125 0.59921875 0.0375 0.1046875
2 0.746875 0.246875 0.03125 0.0609375
2 0.54609375 0.35625 0.034375 0.0609375
2 0.4953125 0.73359375 0.0703125 0.096875
2 0.6390625 0.46953125 0.0359375 0.084375
2 0.840625 0.72421875 0.071875 0.09375
2 0.88828125 0.6 0.0375 0.1015625
2 0.7609375 0.59921875 0.0390625 0.1046875
2 0.79765625 0.5984375 0.0328125 0.109375
2 0.8125 0.23828125 0.0328125 0.0828125
2 0.42109375 0.7328125 0.0765625 0.0984375
2 0.36875 0.3359375 0.0421875 0.0921875
2 0.95234375 0.85546875 0.08125 0.1296875
2 0.8703125 0.36484375 0.03125 0.0546875
2 0.503125 0.459375 0.0390625 0.10625
2 0.56328125 0.7296875 0.075 0.09375
2 0.35078125 0.7375 0.078125 0.1015625
2 0.5828125 0.24765625 0.0390625 0.05625
2 0.6453125 0.246875 0.034375 0.0578125
2 0.69765625 0.5984375 0.0390625 0.10625
2 0.47265625 0.6046875 0.0453125 0.09375
2 0.678125 0.3578125 0.0359375 0.0625
2 0.74296875 0.3546875 0.03125 0.065625
2 0.4671875 0.459375 0.04375 0.10625
2 0.13046875 0.890625 0.0875 0.1375
2 0.859375 0.6015625 0.0421875 0.103125
2 0.42734375 0.45546875 0.04375 0.1109375
2 0.11875 0.45390625 0.053125 0.1125
2 0.83984375 0.25234375 0.0296875 0.05625
2 0.840625 0.3640625 0.028125 0.053125
2 0.490625 0.34140625 0.0421875 0.0859375
2 0.96640625 0.71328125 0.0625 0.0984375
2 0.20625 0.45859375 0.0453125 0.1078125
2 0.9734375 0.4625 0.03125 0.09765625
2 0.2859375 0.7390625 0.0671875 0.1
2 0.35859375 0.60234375 0.0375 0.1125
2 0.1140625 0.33828125 0.090625 0.078125
2 0.49765625 0.6046875 0.0578125 0.09375
2 0.85 0.4609375 0.0328125 0.103125
2 0.43046875 0.60078125 0.0421875 0.1078125
2 0.5828125 0.3578125 0.0359375 0.059375
2 0.5375 0.2265625 0.04375 0.090625
2 0.303125 0.60234375 0.0453125 0.1140625
2 0.8765625 0.253125 0.0359375 0.059375
2 0.67890625 0.47109375 0.0390625 0.078125
2 0.3296875 0.334375 0.0453125 0.0921875
2 0.70546875 0.35703125 0.034375 0.0609375
2 0.22109375 0.60390625 0.046875 0.1109375
2 0.95546875 0.26015625 0.04375 0.0546875
2 0.784375 0.2390625 0.0390625 0.0796875
2 0.725 0.475 0.053125 0.075
2 0.88359375 0.4625 0.0359375 0.10234375
2 0.60390625 0.4625 0.03359375 0.096875
2 0.0890625 0.60234375 0.0515625 0.1203125
2 0.2265625 0.7390625 0.065625 0.0984375
2 0.7765625 0.4625 0.0421875 0.1
2 0.628125 0.3578125 0.040625 0.0546875
2 0.56796875 0.4640625 0.0390625 0.096875
2 0.66015625 0.603125 0.0421875 0.0984375
2 0.39609375 0.60546875 0.040625 0.1078125
2 0.53671875 0.46328125 0.03359375 0.0984375
2 0.80625 0.35234375 0.034375 0.075
2 0.134375 0.6078125 0.0515625 0.1125
2 0.2984375 0.45859375 0.0453125 0.1078125
2 0.30859375 0.21875 0.0359375 0.0828125
2 0.2828125 0.3328125 0.04375 0.0921875
2 0.19921875 0.21484375 0.04375 0.09375
2 0.14921875 0.22421875 0.053125 0.06875
2 0.259375 0.60546875 0.046875 0.11875
2 0.49375 0.2234375 0.0359375 0.090625
2 0.33984375 0.46015625 0.0453125 0.103125
2 0.78046875 0.34609375 0.034375 0.084375
2 0.45234375 0.225 0.04375 0.090625
2 0.94296875 0.4640625 0.0296875 0.1015625
2 0.421875 0.3390625 0.0484375 0.09375
2 0.2109375 0.8890625 0.0765625 0.1421875
2 0.1875 0.33125 0.0453125 0.0921875
2 0.1796875 0.60390625 0.0515625 0.1140625
2 0.2515625 0.4578125 0.046875 0.1078125
2 0.621875 0.60234375 0.046875 0.0984375
2 0.15859375 0.74296875 0.06875 0.1046875
2 0.3828125 0.4609375 0.04375 0.1015625
2 0.23359375 0.33125 0.053125 0.09375
2 0.584375 0.60234375 0.0421875 0.1015625
2 0.54375 0.6015625 0.0390625 0.103125
2 0.234375 0.21640625 0.040625 0.090625
2 0.090625 0.74609375 0.0703125 0.10625
2 0.9109375 0.71640625 0.071875 0.0953125
2 0.27109375 0.2171875 0.0390625 0.0890625
2 0.096875 0.2234375 0.0546875 0.06875
2 0.6171875 0.24765625 0.0265625 0.05625
2 0.328125 0.88515625 0.0875 0.13671875
2 0.41171875 0.87890625 0.078125 0.1375
2 0.49140625 0.87578125 0.08046875 0.13515625
2 0.571875 0.871875 0.08125 0.1328125
2 0.653125 0.8734375 0.08203125 0.13046875
2 0.8625 0.8578125 0.078125 0.12890625
2 0.77890625 0.8640625 0.08515625 0.1296875
2 0.9125 0.46328125 0.02734375 0.0984375
2 0.81484375 0.46015625 0.03671875 0.10625
2 0.90390625 0.2625 0.021875 0.03828125
2 0.72265625 0.24453125 0.02578125 0.0609375