2 0.18203125 0.42890625 0.14453125 0.14140625
2 0.178125 0.50078125 0.1375 0.12109375
2 0.17890625 0.5859375 0.1390625 0.11640625
2 0.1828125 0.671875 0.134375 0.1140625
2 0.18359375 0.75546875 0.13359375 0.125
2 0.3234375 0.809375 0.0359375 0.15859375
2 0.36640625 0.815625 0.0359375 0.146875
2 0.40859375 0.815625 0.0359375 0.146875
2 0.61875 0.609375 0.0375 0.14453125
2 0.66953125 0.60859375 0.0359375 0.146875
2 0.71015625 0.609375 0.0375 0.14609375
2 0.559375 0.271875 0.0390625 0.15
2 0.62109375 0.2796875 0.05 0.1375
2 0.571875 0.60546875 0.040625 0.1609375
2 0.52421875 0.60859375 0.040625 0.16640625
2 0.478125 0.60546875 0.0359375 0.1609375
2 0.384375 0.440625 0.040625 0.1015625
2 0.3734375 0.2921875 0.08046875 0.1125