2 0.015625 0.15 0.03125 0.0671875
2 0.7328125 0.5515625 0.0453125 0.10625
2 0.0453125 0.46328125 0.04375 0.1140625
2 0.18671875 0.14609375 0.0375 0.103125
2 0.4828125 0.41640625 0.0421875 0.0890625
2 0.2015625 0.03046875 0.0328125 0.059375
2 0.55390625 0.69453125 0.0515625 0.1140625
2 0.61328125 0.6953125 0.0703125 0.1203125
2 0.153125 0.27265625 0.0484375 0.109375
2 0.959375 0.421875 0.0625 0.1046875
2 0.6328125 0.540625 0.04375 0.096875
2 0.15859375 0.571875 0.05 0.0796875
2 0.35078125 0.54765625 0.0453125 0.109375
2 0.10078125 0.03125 0.04375 0.0609375
2 0.30078125 0.41875 0.0484375 0.0859375
2 0.446875 0.55 0.0453125 0.1171875
2 0.7 0.27890625 0.065625 0.0875
2 0.6765625 0.55390625 0.0515625 0.11015625
2 0.45078125 0.4203125 0.0453125 0.09375
2 0.98125 0.1625 0.0375 0.0640625
2 0.24609375 0.14296875 0.0421875 0.1109375
2 0.4 0.4234375 0.046875 0.09375
2 0.84765625 0.15625 0.04375 0.071875
2 0.35 0.421875 0.046875 0.0921875
2 0.634375 0.14921875 0.0625 0.0921875
2 0.2625 0.6921875 0.046875 0.10625
2 0.396875 0.5484375 0.04375 0.115625
2 0.31328125 0.553125 0.0421875 0.1109375
2 0.41484375 0.83828125 0.096875 0.1234375
2 0.2015625 0.271875 0.053125 0.109375
2 0.5078125 0.6921875 0.053125 0.115625
2 0.5734375 0.1515625 0.059375 0.0921875
2 0.6953125 0.14765625 0.0609375 0.0921875
2 0.5171875 0.27578125 0.0484375 0.1
2 0.2125 0.6984375 0.040625 0.0828125
2 0.41875 0.27578125 0.05 0.103125
2 0.17109375 0.6921875 0.0546875 0.0984375
2 0.5125 0.15234375 0.0609375 0.090625
2 0.2140625 0.1421875 0.040625 0.1125
2 0.36171875 0.69453125 0.046875 0.1015625
2 0.2578125 0.815625 0.0765625 0.1109375
2 0.26328125 0.03125 0.0421875 0.0609375
2 0.7875 0.56171875 0.053125 0.11875
2 0.6375 0.834375 0.0671875 0.10625
2 0.8171875 0.4125 0.0515625 0.1203125
2 0.05234375 0.28046875 0.071875 0.1328125
2 0.84296875 0.69921875 0.08125 0.121875
2 0.82421875 0.8296875 0.09375 0.109375
2 0.0375 0.79296875 0.075 0.1390625
2 0.17109375 0.03125 0.0421875 0.059375
2 0.5578125 0.81484375 0.078125 0.084375
2 0.2578125 0.2734375 0.0546875 0.1078125
2 0.309375 0.69609375 0.0484375 0.1
2 0.1140625 0.79296875 0.084375 0.1484375
2 0.9015625 0.15078125 0.0640625 0.0859375
2 0.09609375 0.61484375 0.05234375 0.10390625
2 0.2078125 0.41640625 0.05 0.0859375
2 0.53828125 0.553125 0.046875 0.1140625
2 0.4578125 0.69453125 0.053125 0.1125
2 0.94296875 0.70390625 0.0828125 0.125
2 0.465625 0.2765625 0.05 0.1015625
2 0.228125 0.03046875 0.04375 0.0609375
2 0.4046875 0.69609375 0.0484375 0.1046875
2 0.1625 0.14453125 0.040625 0.10625
2 0.63046875 0.28203125 0.0578125 0.0859375
2 0.3640625 0.2765625 0.0515625 0.103125
2 0.13671875 0.03203125 0.04375 0.0609375
2 0.3078125 0.275 0.046875 0.10625
2 0.45625 0.15390625 0.059375 0.090625
2 0.90546875 0.41171875 0.0515625 0.1203125
2 0.7359375 0.8375 0.071875 0.1125
2 0.48984375 0.553125 0.05 0.11875
2 0.7546875 0.1515625 0.0515625 0.0796875
2 0.57265625 0.28125 0.059375 0.090625
2 0.19453125 0.81015625 0.0734375 0.11875
2 0.86328125 0.4140625 0.0515625 0.1203125
2 0.05078125 0.14609375 0.0546875 0.078125
2 0.96640625 0.565625 0.05625 0.1171875
2 0.09296875 0.45703125 0.0625 0.140625
2 0.8328125 0.5625 0.053125 0.1171875
2 0.58828125 0.546875 0.0546875 0.1125
2 0.89296875 0.5625 0.053125 0.1203125
2 0.80625 0.1515625 0.05 0.078125
2 0.04609375 0.61875 0.059375 0.11484375
2 0.7546875 0.7 0.078125 0.125
2 0.490625 0.83515625 0.071875 0.1171875
2 0.684375 0.696875 0.0703125 0.1234375
2 0.92421875 0.840625 0.10625 0.1046875
2 0.3328125 0.828125 0.075 0.11640625
2 0.20703125 0.5671875 0.04921875 0.09140625
2 0.2671875 0.56875 0.0609375 0.08984375
2 0.76328125 0.4140625 0.06171875 0.11640625
2 0.69296875 0.415625 0.0578125 0.11796875
2 0.66171875 0.41171875 0.0484375 0.11640625
2 0.59609375 0.42734375 0.0578125 0.08515625
2 0.52890625 0.428125 0.05390625 0.0796875
2 0.259375 0.41796875 0.04609375 0.090625
2 0.15703125 0.4171875 0.053125 0.08828125
2 0.89453125 0.02890625 0.040625 0.0421875
2 0.85234375 0.02734375 0.0453125 0.0546875
2 0.80703125 0.02578125 0.0515625 0.05078125