2 0.734375 0.85 0.065625 0.1703125
2 0.66796875 0.8484375 0.0703125 0.1828125
2 0.91171875 0.234375 0.0703125 0.1515625
2 0.184375 0.85546875 0.0640625 0.165625
2 0.18828125 0.44765625 0.0625 0.15
2 0.2421875 0.4515625 0.053125 0.14375
2 0.79296875 0.8375 0.0546875 0.1453125
2 0.459375 0.65078125 0.0640625 0.1828125
2 0.1203125 0.44765625 0.065625 0.153125
2 0.18125 0.65625 0.05625 0.15625
2 0.38984375 0.46171875 0.046875 0.1328125
2 0.12890625 0.8625 0.0625 0.16875
2 0.24765625 0.87265625 0.065625 0.1390625
2 0.50703125 0.65234375 0.0671875 0.178125
2 0.91796875 0.64375 0.071875 0.184375
2 0.734375 0.46015625 0.0671875 0.1296875
2 0.34765625 0.44609375 0.0578125 0.1625
2 0.8578125 0.2328125 0.0578125 0.15625
2 0.2890625 0.459375 0.05625 0.1328125
2 0.7078125 0.65390625 0.0625 0.1671875
2 0.79296875 0.43984375 0.0609375 0.165625
2 0.5453125 0.85234375 0.05625 0.175
2 0.12265625 0.65078125 0.0625 0.1671875
2 0.40390625 0.65546875 0.0625 0.171875
2 0.434375 0.8375 0.0578125 0.153125
2 0.57421875 0.6453125 0.0671875 0.184375
2 0.6421875 0.646875 0.0625 0.18125
2 0.92109375 0.87109375 0.065625 0.1640625
2 0.796875 0.22890625 0.059375 0.165625
2 0.72890625 0.24296875 0.0515625 0.1390625
2 0.31484375 0.84921875 0.0625 0.18125
2 0.6609375 0.44921875 0.05625 0.153125
2 0.8375 0.6546875 0.065625 0.1734375
2 0.91015625 0.43203125 0.06875 0.1765625
2 0.84921875 0.44296875 0.05625 0.15625
2 0.09921875 0.2390625 0.0578125 0.15
2 0.76875 0.653125 0.059375 0.175
2 0.67734375 0.24453125 0.053125 0.1390625
2 0.4875 0.84453125 0.0609375 0.1640625
2 0.60625 0.26484375 0.0453125 0.1046875
2 0.40390625 0.240625 0.0609375 0.1515625
2 0.53359375 0.43984375 0.0578125 0.1734375
2 0.3734375 0.84765625 0.0671875 0.175
2 0.25703125 0.6546875 0.0625 0.1640625
2 0.471875 0.25859375 0.0609375 0.1140625
2 0.59296875 0.44609375 0.059375 0.1515625
2 0.3375 0.66015625 0.06875 0.1609375
2 0.46796875 0.45 0.0625 0.153125
2 0.5453125 0.25625 0.065625 0.1171875
2 0.1609375 0.25234375 0.0609375 0.11875
2 0.25390625 0.25625 0.0609375 0.11875
2 0.33046875 0.24296875 0.0625 0.146875
2 0.89140625 0.8453125 0.05078125 0.14765625
2 0.60859375 0.8546875 0.05390625 0.1671875