2 0.8125 0.55234375 0.0890625 0.23671875
2 0.63515625 0.55390625 0.08359375 0.2390625
2 0.553125 0.56171875 0.08046875 0.22578125
2 0.55390625 0.2515625 0.08984375 0.23515625
2 0.63203125 0.82421875 0.07890625 0.25
2 0.721875 0.56796875 0.09296875 0.20859375
2 0.203125 0.47890625 0.09609375 0.29765625
2 0.21171875 0.82890625 0.0984375 0.2859375
2 0.43671875 0.8234375 0.0953125 0.2796875
2 0.32109375 0.81640625 0.09453125 0.27734375
2 0.809375 0.25 0.090625 0.23125
2 0.44375 0.49296875 0.09609375 0.26328125
2 0.328125 0.4703125 0.11640625 0.3078125
2 0.55390625 0.82578125 0.07890625 0.253125
2 0.703125 0.19765625 0.109375 0.33671875
2 0.72265625 0.82734375 0.09140625 0.24453125
2 0.81015625 0.821875 0.09375 0.24765625
2 0.63828125 0.25 0.08046875 0.2328125
2 0.3234375 0.16953125 0.0890625 0.16484375
2 0.2140625 0.15 0.10703125 0.14765625
2 0.68828125 0.8109375 0.04453125 0.225
2 0.43203125 0.1671875 0.10546875 0.1703125
2 0.91875 0.1453125 0.05625 0.21796875
2 0.97890625 0.15859375 0.04140625 0.1640625
2 0.96171875 0.4921875 0.06328125 0.2453125
2 0.93671875 0.5453125 0.0796875 0.153125
2 0.971875 0.85 0.05625 0.16953125
2 0.9203125 0.7984375 0.0359375 0.2625