2 0.57578125 0.66171875 0.096875 0.37109375
2 0.94921875 0.66171875 0.090625 0.3765625
2 0.48125 0.66484375 0.1046875 0.3796875
2 0.28046875 0.66953125 0.11015625 0.4046875
2 0.38046875 0.66953125 0.10859375 0.39375
2 0.76875 0.65859375 0.09140625 0.38515625
2 0.67109375 0.66328125 0.0953125 0.3765625
2 0.1796875 0.67109375 0.1140625 0.40625
2 0.07109375 0.66640625 0.11875 0.42578125
2 0.85546875 0.65859375 0.08984375 0.378125
2 0.91328125 0.2359375 0.09453125 0.35859375
2 0.8234375 0.2375 0.0953125 0.35859375
2 0.73125 0.22890625 0.09140625 0.36640625
2 0.640625 0.22734375 0.09453125 0.36875
2 0.54609375 0.2234375 0.09609375 0.3734375
2 0.4546875 0.21796875 0.0984375 0.378125
2 0.35546875 0.21640625 0.096875 0.384375
2 0.25390625 0.2109375 0.09921875 0.384375
2 0.15390625 0.20703125 0.103125 0.38828125
2 0.0515625 0.203125 0.0984375 0.390625