2 0.76875 0.70703125 0.1015625 0.3953125
2 0.403125 0.1859375 0.10703125 0.371875
2 0.3890625 0.7296875 0.121875 0.53984375
2 0.290625 0.1796875 0.11171875 0.359375
2 0.8765625 0.68515625 0.09453125 0.34609375
2 0.1484375 0.72109375 0.14375 0.5578125
2 0.6609375 0.71328125 0.10859375 0.490625
2 0.53359375 0.73125 0.1109375 0.5375
2 0.13828125 0.171875 0.12890625 0.34375
2 0.50546875 0.19375 0.0953125 0.3875
2 0.59453125 0.2171875 0.09375 0.359375
2 0.6734375 0.2375 0.09296875 0.3390625
2 0.74453125 0.25703125 0.08515625 0.31171875
2 0.8109375 0.275 0.078125 0.28828125
2 0.96328125 0.31796875 0.07109375 0.22890625