2 0.78671875 0.609375 0.134375 0.08671875
2 0.5859375 0.5609375 0.128125 0.07890625
2 0.61640625 0.80859375 0.11640625 0.09921875
2 0.4734375 0.9234375 0.0765625 0.06328125
2 0.459375 0.75078125 0.08046875 0.07421875
2 0.35078125 0.7109375 0.05703125 0.04453125
2 0.50703125 0.45625 0.11328125 0.06484375
2 0.56875 0.36171875 0.1265625 0.0765625
2 0.45 0.5421875 0.09453125 0.0640625
2 0.38828125 0.4515625 0.0734375 0.05390625
2 0.43125 0.3703125 0.09140625 0.06484375
2 0.42265625 0.17890625 0.12109375 0.08203125
2 0.32421875 0.37265625 0.09453125 0.06015625
2 0.3390625 0.5453125 0.05078125 0.0390625
2 0.26484375 0.53515625 0.028125 0.03359375