2 0.66796875 0.21484375 0.1078125 0.3296875
2 0.55 0.22578125 0.1328125 0.37109375
2 0.78984375 0.215625 0.13046875 0.3875
2 0.9265625 0.2171875 0.1375 0.390625
2 0.06640625 0.1984375 0.12265625 0.396875
2 0.18828125 0.22421875 0.115625 0.353125
2 0.42890625 0.22890625 0.128125 0.3609375
2 0.30234375 0.2203125 0.128125 0.3546875
2 0.9640625 0.64609375 0.07109375 0.30390625
2 0.86328125 0.64296875 0.1328125 0.30234375
2 0.73984375 0.63828125 0.103125 0.30234375
2 0.6375 0.63984375 0.10078125 0.29921875