2 0.48046875 0.46796875 0.07109375 0.0296875
2 0.48125 0.4953125 0.071875 0.0265625
2 0.74609375 0.290625 0.059375 0.0234375
2 0.74296875 0.265625 0.065625 0.0234375
2 0.6921875 0.14375 0.0453125 0.01953125
2 0.70859375 0.18359375 0.04453125 0.0203125
2 0.67578125 0.18515625 0.04296875 0.02109375
2 0.7515625 0.38125 0.0484375 0.02109375
2 0.75078125 0.40078125 0.046875 0.01953125
2 0.76796875 0.4203125 0.0453125 0.01953125
2 0.73359375 0.421875 0.04296875 0.02109375
2 0.4890625 0.2125 0.0453125 0.02421875
2 0.47109375 0.24140625 0.04453125 0.02421875
2 0.50859375 0.2375 0.04609375 0.0234375