2 0.55 0.3109375 0.03515625 0.053125
2 0.63359375 0.31171875 0.05078125 0.0515625
2 0.696875 0.30390625 0.02578125 0.03046875
2 0.73359375 0.30625 0.0390625 0.021875
2 0.76484375 0.309375 0.0203125 0.0203125
2 0.7984375 0.3078125 0.0296875 0.02109375
2 0.83359375 0.30390625 0.03984375 0.03203125
2 0.83984375 0.3640625 0.03515625 0.040625
2 0.7671875 0.3640625 0.034375 0.04453125
2 0.69140625 0.3671875 0.021875 0.04375
2 0.7 0.43828125 0.04296875 0.046875
2 0.76328125 0.43671875 0.0296875 0.03828125
2 0.83203125 0.440625 0.0265625 0.03046875
2 0.825 0.51015625 0.03671875 0.04453125
2 0.76171875 0.5078125 0.034375 0.03828125
2 0.68828125 0.51171875 0.03203125 0.0484375
2 0.69453125 0.5796875 0.053125 0.04453125
2 0.75859375 0.57421875 0.0359375 0.0359375
2 0.821875 0.57421875 0.0265625 0.0390625
2 0.8203125 0.64296875 0.03515625 0.040625
2 0.75546875 0.64296875 0.034375 0.03671875
2 0.75 0.7078125 0.03359375 0.034375
2 0.684375 0.7140625 0.0390625 0.04296875
2 0.61328125 0.71953125 0.03671875 0.053125
2 0.54296875 0.7140625 0.03671875 0.0359375
2 0.48671875 0.71640625 0.04375 0.0390625
2 0.40390625 0.721875 0.04375 0.04453125
2 0.3484375 0.72578125 0.040625 0.04921875
2 0.2765625 0.7234375 0.03515625 0.03984375
2 0.2046875 0.725 0.03125 0.0390625
2 0.13359375 0.728125 0.021875 0.03828125
2 0.1234375 0.65859375 0.03515625 0.04140625
2 0.27109375 0.65546875 0.04375 0.04140625
2 0.26796875 0.58515625 0.0390625 0.04296875
2 0.12109375 0.58828125 0.02890625 0.04296875
2 0.26171875 0.5140625 0.04609375 0.04921875
2 0.18671875 0.51171875 0.04140625 0.04140625
2 0.1109375 0.51640625 0.03671875 0.0484375
2 0.2546875 0.4390625 0.05546875 0.046875
2 0.18046875 0.43828125 0.04609375 0.04453125
2 0.10625 0.440625 0.03828125 0.05
2 0.25546875 0.36328125 0.0484375 0.05
2 0.17890625 0.359375 0.0453125 0.0453125
2 0.10078125 0.36328125 0.03984375 0.0484375
2 0.246875 0.2984375 0.0609375 0.04296875
2 0.11796875 0.296875 0.10703125 0.0390625
2 0.33125 0.30625 0.05078125 0.05078125
2 0.4140625 0.3109375 0.046875 0.05625
2 0.4765625 0.30859375 0.0453125 0.053125
2 0.4390625 0.41953125 0.0546875 0.0546875
2 0.47890625 0.46015625 0.05625 0.06875
2 0.5171875 0.41953125 0.06015625 0.05546875
2 0.61328125 0.53125 0.06015625 0.08125
2 0.55390625 0.53203125 0.059375 0.084375
2 0.5921875 0.5609375 0.0359375 0.08671875
2 0.62421875 0.59609375 0.04296875 0.08046875
2 0.51953125 0.6234375 0.04921875 0.10625
2 0.4734375 0.61875 0.0453125 0.090625
2 0.43203125 0.625 0.04375 0.08515625
2 0.39921875 0.53671875 0.04453125 0.08515625
2 0.36875 0.565625 0.03359375 0.08984375
2 0.33828125 0.53671875 0.0484375 0.0890625
2 0.334375 0.60625 0.03984375 0.084375
2 0.81953125 0.709375 0.03515625 0.040625