2 0.83515625 0.2625 0.3296875 0.10078125
2 0.48125 0.7140625 0.4109375 0.10390625
2 0.83359375 0.11328125 0.3328125 0.1171875
2 0.84296875 0.8796875 0.31015625 0.1171875
2 0.4765625 0.8734375 0.42421875 0.1203125
2 0.465625 0.1015625 0.41953125 0.12890625
2 0.84375 0.7296875 0.31171875 0.13671875
2 0.8390625 0.4203125 0.321875 0.1203125
2 0.4671875 0.25546875 0.4125 0.115625
2 0.4703125 0.40703125 0.4140625 0.12734375
2 0.46953125 0.5671875 0.4125 0.1203125
2 0.84140625 0.578125 0.3171875 0.13671875