2 0.909375 0.5828125 0.06875 0.18984375
2 0.69140625 0.1109375 0.071875 0.1796875
2 0.78828125 0.58359375 0.0734375 0.18828125
2 0.134375 0.57421875 0.0640625 0.20703125
2 0.76640625 0.815625 0.06796875 0.184375
2 0.246875 0.58515625 0.07890625 0.18984375
2 0.31328125 0.81796875 0.06796875 0.184375
2 0.56171875 0.34765625 0.06953125 0.18828125
2 0.75625 0.34921875 0.08203125 0.18515625
2 0.91796875 0.8171875 0.06484375 0.178125
2 0.34609375 0.5859375 0.07109375 0.18671875
2 0.6765625 0.5828125 0.06875 0.1859375
2 0.6625 0.81640625 0.065625 0.190625
2 0.44921875 0.5859375 0.06796875 0.1875
2 0.575 0.1109375 0.07109375 0.1859375
2 0.4390625 0.8140625 0.0640625 0.19375
2 0.44140625 0.1046875 0.07421875 0.19375
2 0.6484375 0.34921875 0.06484375 0.1859375
2 0.19609375 0.81875 0.06640625 0.18671875
2 0.3484375 0.34375 0.09375 0.1953125
2 0.5796875 0.58515625 0.06953125 0.1875
2 0.83203125 0.10859375 0.06328125 0.184375
2 0.084375 0.8171875 0.06953125 0.18828125
2 0.45078125 0.3484375 0.078125 0.18671875
2 0.2109375 0.1046875 0.078125 0.196875
2 0.09453125 0.10703125 0.0796875 0.1921875
2 0.5640625 0.8171875 0.05859375 0.18125
2 0.096875 0.34765625 0.08359375 0.18515625
2 0.853125 0.35 0.07421875 0.1828125
2 0.21796875 0.34375 0.08828125 0.20078125
2 0.9625 0.35078125 0.075 0.1890625
2 0.321875 0.1046875 0.09140625 0.19375
2 0.034375 0.5734375 0.06875 0.203125
2 0.971875 0.109375 0.05625 0.18515625
2 0.88125 0.796875 0.0453125 0.17109375
2 0.02421875 0.96796875 0.0453125 0.0640625
2 0.14765625 0.96640625 0.04453125 0.06328125
2 0.01953125 0.1078125 0.03828125 0.18828125
2 0.803125 0.1171875 0.03984375 0.16796875
2 0.20390625 0.975 0.0359375 0.05
2 0.11015625 0.97265625 0.03125 0.05390625
2 0.28203125 0.97578125 0.03359375 0.0484375
2 0.37109375 0.97421875 0.03359375 0.05078125
2 0.45625 0.97109375 0.04453125 0.05703125
2 0.58828125 0.97578125 0.0359375 0.04765625
2 0.86171875 0.975 0.04453125 0.05
2 0.9875 0.975 0.025 0.05
2 0.9796875 0.96640625 0.03671875 0.05546875
2 0.846875 0.96875 0.03671875 0.06015625
2 0.7265625 0.9765625 0.03125 0.046875
2 0.69453125 0.96796875 0.04609375 0.0609375