2 0.5734375 0.0671875 0.24375 0.0609375
2 0.3125 0.053125 0.26015625 0.05859375
2 0.3140625 0.1953125 0.25 0.05859375
2 0.5828125 0.209375 0.24609375 0.0515625
2 0.58046875 0.34140625 0.2515625 0.0578125
2 0.32265625 0.3390625 0.2625 0.05390625
2 0.31953125 0.47421875 0.24375 0.05859375
2 0.5828125 0.47578125 0.2390625 0.05390625
2 0.5875 0.60390625 0.225 0.0578125
2 0.3296875 0.6109375 0.24609375 0.05625
2 0.32734375 0.7421875 0.24765625 0.06484375
2 0.575 0.72734375 0.2296875 0.06015625
2 0.565625 0.85625 0.22890625 0.0625
2 0.3203125 0.8703125 0.24375 0.0640625
2 0.5640625 0.97109375 0.23359375 0.0546875
2 0.3265625 0.97890625 0.221875 0.0421875