2 0.34296875 0.4546875 0.05703125 0.27421875
2 0.440625 0.45625 0.05546875 0.27421875
2 0.72734375 0.45859375 0.05546875 0.26015625
2 0.71875 0.13359375 0.05390625 0.25234375
2 0.64453125 0.81875 0.06015625 0.30625
2 0.53359375 0.4546875 0.05390625 0.2671875
2 0.89609375 0.13203125 0.05703125 0.26015625
2 0.621875 0.13203125 0.05078125 0.2328125
2 0.628125 0.45859375 0.05234375 0.27734375
2 0.0453125 0.459375 0.05546875 0.26484375
2 0.14375 0.44765625 0.05546875 0.26484375
2 0.8375 0.81875 0.06015625 0.29921875
2 0.97265625 0.1359375 0.05234375 0.24296875
2 0.10625 0.81875 0.071875 0.3140625
2 0.91171875 0.45859375 0.065625 0.2671875
2 0.440625 0.828125 0.05703125 0.30859375
2 0.7515625 0.82265625 0.05859375 0.29921875
2 0.51796875 0.1265625 0.04609375 0.24296875
2 0.81328125 0.13515625 0.05703125 0.25703125
2 0.15234375 0.1234375 0.05078125 0.23515625
2 0.9828125 0.4609375 0.034375 0.26015625
2 0.42265625 0.12890625 0.04765625 0.24765625
2 0.53203125 0.81875 0.05546875 0.3015625
2 0.340625 0.1265625 0.05078125 0.23515625
2 0.82578125 0.44765625 0.05390625 0.2625
2 0.22265625 0.82734375 0.0640625 0.31640625
2 0.3390625 0.81953125 0.05703125 0.3109375
2 0.934375 0.82265625 0.065625 0.3109375
2 0.0546875 0.14609375 0.05703125 0.26484375
2 0.02109375 0.82109375 0.0421875 0.3109375
2 0.23203125 0.4484375 0.05703125 0.26484375
2 0.2453125 0.14375 0.05234375 0.2796875