2 0.3078125 0.5703125 0.0359375 0.0875
2 0.61484375 0.1484375 0.0359375 0.04375
2 0.24453125 0.853125 0.03984375 0.1390625
2 0.940625 0.14140625 0.034375 0.053125
2 0.55 0.87109375 0.0390625 0.125
2 0.4703125 0.8703125 0.040625 0.11875
2 0.225 0.18046875 0.040625 0.090625
2 0.29921875 0.15859375 0.034375 0.053125
2 0.659375 0.23359375 0.0359375 0.04765625
2 0.58828125 0.32734375 0.040625 0.05
2 0.51328125 0.6984375 0.0421875 0.1078125
2 0.471875 0.2359375 0.0390625 0.0546875
2 0.9703125 0.14296875 0.034375 0.05625
2 0.87734375 0.32109375 0.0484375 0.0546875
2 0.2859375 0.7015625 0.0453125 0.0984375
2 0.38359375 0.23828125 0.03125 0.0453125
2 0.5875 0.696875 0.04375 0.121875
2 0.9125 0.4375 0.046875 0.08515625
2 0.10625 0.55703125 0.075 0.115625
2 0.33359375 0.85703125 0.03828125 0.1390625
2 0.36875 0.86796875 0.0453125 0.121875
2 0.421875 0.23515625 0.0359375 0.05625
2 0.93515625 0.7078125 0.0546875 0.1140625
2 0.03828125 0.55703125 0.075 0.1078125
2 0.54765625 0.69765625 0.0453125 0.1171875
2 0.4359375 0.87265625 0.0390625 0.121875
2 0.63515625 0.3296875 0.0328125 0.05
2 0.44296875 0.56484375 0.0390625 0.0984375
2 0.96484375 0.3203125 0.034375 0.05625
2 0.734375 0.23203125 0.0296875 0.05
2 0.26640625 0.2453125 0.028125 0.05
2 0.8046875 0.56328125 0.0453125 0.109375
2 0.3296875 0.56875 0.0390625 0.0890625
2 0.73984375 0.3203125 0.0359375 0.0625
2 0.9765625 0.8875 0.04375 0.109375
2 0.47578125 0.69609375 0.0453125 0.1140625
2 0.28515625 0.56796875 0.04375 0.0890625
2 0.2640625 0.15859375 0.034375 0.0640625
2 0.8265625 0.1375 0.040625 0.05625
2 0.47109375 0.325 0.0453125 0.05625
2 0.3453125 0.23984375 0.040625 0.05
2 0.025 0.43046875 0.0484375 0.0984375
2 0.33984375 0.33046875 0.03125 0.046875
2 0.69453125 0.14453125 0.0359375 0.053125
2 0.24921875 0.7 0.04140625 0.1015625
2 0.89140625 0.70546875 0.0515625 0.1203125
2 0.66484375 0.7015625 0.04375 0.125
2 0.97421875 0.7140625 0.0484375 0.0984375
2 0.625 0.6984375 0.0453125 0.125
2 0.8546875 0.703125 0.0484375 0.1203125
2 0.61171875 0.8625 0.0546875 0.14375
2 0.7390625 0.14140625 0.040625 0.0578125
2 0.778125 0.4390625 0.0390625 0.0796875
2 0.40234375 0.69921875 0.0453125 0.1109375
2 0.74453125 0.70234375 0.04375 0.125
2 0.37265625 0.5640625 0.040625 0.1015625
2 0.8390625 0.56015625 0.0484375 0.1171875
2 0.4078125 0.56484375 0.040625 0.1015625
2 0.78515625 0.13828125 0.0375 0.0578125
2 0.87265625 0.56015625 0.0484375 0.1140625
2 0.4265625 0.32421875 0.0375 0.05625
2 0.8140625 0.7015625 0.04375 0.1203125
2 0.78046875 0.7015625 0.04375 0.125
2 0.9734375 0.428125 0.046875 0.109375
2 0.43984375 0.696875 0.0453125 0.1109375
2 0.7640625 0.56484375 0.046875 0.1125
2 0.2703125 0.43125 0.053125 0.1
2 0.32421875 0.43046875 0.0484375 0.1015625
2 0.88359375 0.88359375 0.0515625 0.128125
2 0.3765625 0.32265625 0.040625 0.0609375
2 0.725 0.56328125 0.046875 0.109375
2 0.2828125 0.85390625 0.04375 0.1484375
2 0.69765625 0.23203125 0.0421875 0.053125
2 0.5 0.43203125 0.0390625 0.0984375
2 0.775 0.871875 0.0546875 0.14375
2 0.321875 0.70078125 0.0484375 0.1015625
2 0.209375 0.3015625 0.0765625 0.10390625
2 0.13984375 0.1828125 0.053125 0.0953125
2 0.70390625 0.7015625 0.0484375 0.121875
2 0.67890625 0.4296875 0.04375 0.103125
2 0.36171875 0.70234375 0.0484375 0.1015625
2 0.70390625 0.3203125 0.04375 0.0640625
2 0.821875 0.2265625 0.04375 0.059375
2 0.82734375 0.31796875 0.0453125 0.059375
2 0.53828125 0.43125 0.04375 0.1
2 0.78046875 0.31875 0.0390625 0.0609375
2 0.1046875 0.42734375 0.08671875 0.1109375
2 0.303125 0.240625 0.0328125 0.0546875
2 0.7265625 0.43046875 0.046875 0.1046875
2 0.45859375 0.4328125 0.040625 0.1015625
2 0.83359375 0.8734375 0.0578125 0.1421875
2 0.96171875 0.56328125 0.0546875 0.1171875
2 0.6640625 0.86484375 0.05625 0.1484375
2 0.2015625 0.4296875 0.0671875 0.1046875
2 0.41875 0.4328125 0.040625 0.1
2 0.8640625 0.4359375 0.046875 0.0859375
2 0.721875 0.8671875 0.05625 0.1484375
2 0.290625 0.3265625 0.0359375 0.05625
2 0.371875 0.43203125 0.0484375 0.1015625
2 0.0203125 0.31171875 0.040625 0.096875
2 0.68359375 0.5625 0.04375 0.1109375
2 0.48359375 0.56484375 0.0453125 0.1046875
2 0.63046875 0.4296875 0.04375 0.103125
2 0.02734375 0.18671875 0.0546875 0.0953125
2 0.934375 0.88359375 0.05625 0.1296875
2 0.91796875 0.56015625 0.0515625 0.1203125
2 0.52265625 0.5640625 0.04375 0.103125
2 0.77578125 0.2296875 0.04375 0.05625
2 0.82109375 0.43671875 0.0453125 0.0828125
2 0.56171875 0.56328125 0.0390625 0.1046875
2 0.58203125 0.4296875 0.04375 0.1
2 0.60234375 0.5609375 0.0421875 0.1109375
2 0.64375 0.5609375 0.040625 0.1109375
2 0.1296875 0.3015625 0.08203125 0.109375
2 0.0875 0.18359375 0.05625 0.0953125
2 0.1921875 0.18125 0.0546875 0.096875
2 0.06171875 0.84765625 0.0953125 0.1453125
2 0.9484375 0.23125 0.03515625 0.040625
2 0.46953125 0.1515625 0.0390625 0.0453125
2 0.42109375 0.146875 0.0484375 0.0546875
2 0.3765625 0.14765625 0.046875 0.0578125
2 0.33671875 0.15 0.0421875 0.0546875
2 0.0578125 0.68984375 0.109375 0.1140625
2 0.159375 0.69375 0.09609375 0.11484375
2 0.2171875 0.55859375 0.0625 0.10625
2 0.06796875 0.3109375 0.05546875 0.0921875
2 0.51171875 0.15078125 0.03515625 0.0421875
2 0.546875 0.14921875 0.0359375 0.04296875
2 0.58125 0.14765625 0.0328125 0.04453125
2 0.6546875 0.14609375 0.03828125 0.04375
2 0.9828125 0.23046875 0.0328125 0.0390625
2 0.62265625 0.23515625 0.0375 0.0484375
2 0.5859375 0.2359375 0.0375 0.04609375
2 0.546875 0.2359375 0.0375 0.046875
2 0.51171875 0.23828125 0.03203125 0.040625
2 0.55078125 0.32734375 0.03046875 0.04140625
2 0.51953125 0.32890625 0.03515625 0.0453125
2 0.1625 0.84921875 0.10078125 0.14921875
2 0.403125 0.8703125 0.03671875 0.121875
2 0.51015625 0.8703125 0.0421875 0.11875