2 0.53359375 0.45078125 0.08984375 0.3359375
2 0.44765625 0.42578125 0.07890625 0.30546875
2 0.38125 0.4046875 0.0671875 0.28046875
2 0.31796875 0.38671875 0.06328125 0.2546875
2 0.26796875 0.37421875 0.05078125 0.23515625
2 0.221875 0.35859375 0.05078125 0.21015625
2 0.6 0.91171875 0.084375 0.1765625
2 0.5265625 0.8890625 0.075 0.22109375
2 0.4609375 0.8625 0.06953125 0.2546875
2 0.4046875 0.81640625 0.0546875 0.23828125
2 0.3546875 0.784375 0.05078125 0.2265625
2 0.3125 0.740625 0.0453125 0.20703125
2 0.2765625 0.715625 0.0375 0.2046875
2 0.23984375 0.68359375 0.04296875 0.18515625
2 0.2671875 0.9421875 0.03203125 0.11484375
2 0.3 0.9578125 0.04140625 0.08125