2 0.4203125 0.58984375 0.0796875 0.05859375
2 0.3734375 0.5859375 0.08515625 0.06328125
2 0.334375 0.5765625 0.09140625 0.07890625
2 0.29296875 0.57578125 0.096875 0.078125
2 0.38125 0.47109375 0.0953125 0.07265625
2 0.3359375 0.47109375 0.10078125 0.071875
2 0.29296875 0.47109375 0.1 0.07109375
2 0.24765625 0.4703125 0.10078125 0.0703125
2 0.46796875 0.3640625 0.08671875 0.0671875
2 0.4265625 0.3640625 0.09375 0.06640625
2 0.38125 0.3640625 0.09609375 0.065625
2 0.33671875 0.36484375 0.09921875 0.065625