2 0.89765625 0.86328125 0.15234375 0.2234375
2 0.8 0.86328125 0.12890625 0.21875
2 0.7 0.8625 0.109375 0.21640625
2 0.60703125 0.8625 0.1 0.21640625
2 0.50078125 0.86640625 0.103125 0.21875
2 0.4046875 0.86328125 0.115625 0.21875
2 0.30703125 0.86328125 0.13046875 0.21875
2 0.20625 0.86328125 0.14375 0.21875
2 0.1078125 0.86328125 0.16328125 0.21875
2 0.08515625 0.5109375 0.134375 0.15703125
2 0.19453125 0.5125 0.134375 0.16484375
2 0.29765625 0.5109375 0.12734375 0.1671875
2 0.396875 0.5125 0.1109375 0.16484375
2 0.49921875 0.515625 0.10625 0.15703125
2 0.60546875 0.51484375 0.10625 0.1546875
2 0.70703125 0.51015625 0.1125 0.16953125
2 0.80625 0.5109375 0.12578125 0.1671875
2 0.91015625 0.5109375 0.1375 0.1671875
2 0.91875 0.12265625 0.115625 0.15234375
2 0.8109375 0.12421875 0.1125 0.159375
2 0.7046875 0.121875 0.103125 0.1546875
2 0.59921875 0.125 0.103125 0.15703125
2 0.490625 0.1265625 0.10625 0.1546875
2 0.384375 0.12421875 0.1078125 0.159375
2 0.28125 0.12421875 0.11796875 0.159375
2 0.1703125 0.12421875 0.1109375 0.1546875
2 0.06953125 0.12421875 0.12265625 0.1546875