2 0.6734375 0.68125 0.06953125 0.19921875
2 0.73984375 0.68125 0.06328125 0.20078125
2 0.35625 0.68515625 0.0765625 0.2078125
2 0.6015625 0.68046875 0.06953125 0.20078125
2 0.453125 0.6828125 0.07421875 0.20390625
2 0.2125 0.4234375 0.06953125 0.20390625
2 0.52734375 0.6828125 0.07421875 0.20234375
2 0.36171875 0.428125 0.07421875 0.19765625
2 0.4359375 0.42890625 0.06953125 0.20234375
2 0.58203125 0.4296875 0.06953125 0.19921875
2 0.27890625 0.6859375 0.07421875 0.20625
2 0.8125 0.6796875 0.078125 0.19765625
2 0.65234375 0.4328125 0.071875 0.19140625
2 0.11640625 0.68828125 0.06328125 0.20625
2 0.79375 0.4296875 0.06953125 0.19765625
2 0.50859375 0.4296875 0.071875 0.20234375
2 0.284375 0.41875 0.071875 0.215625
2 0.1953125 0.6890625 0.07421875 0.209375
2 0.72578125 0.43046875 0.06953125 0.19453125
2 0.1375 0.41171875 0.08046875 0.23046875
2 0.86484375 0.425 0.07421875 0.20234375
2 0.87890625 0.68359375 0.0671875 0.20234375