2 0.51796875 0.69375 0.0359375 0.125
2 0.44140625 0.7109375 0.04140625 0.134375
2 0.65546875 0.5953125 0.0234375 0.07578125
2 0.75625 0.5484375 0.01796875 0.04921875
2 0.06875 0.52734375 0.03671875 0.10234375
2 0.8703125 0.3015625 0.01875 0.04140625
2 0.87421875 0.36015625 0.01875 0.0453125
2 0.871875 0.4171875 0.01640625 0.04453125
2 0.871875 0.47265625 0.01796875 0.0453125
2 0.6984375 0.52109375 0.01484375 0.04296875
2 0.65078125 0.521875 0.01640625 0.0421875
2 0.703125 0.4703125 0.0140625 0.04140625
2 0.64765625 0.46953125 0.0140625 0.04140625
2 0.69453125 0.41796875 0.01484375 0.0421875
2 0.70546875 0.36484375 0.01484375 0.0390625
2 0.70390625 0.3109375 0.01484375 0.04296875
2 0.678125 0.3125 0.015625 0.0421875
2 0.64765625 0.315625 0.01640625 0.04375
2 0.6765625 0.365625 0.01640625 0.0421875
2 0.65 0.3671875 0.01640625 0.04140625
2 0.66015625 0.41953125 0.015625 0.04140625
2 0.5296875 0.48046875 0.01484375 0.04453125
2 0.69921875 0.590625 0.02109375 0.07734375