2 0.50625 0.44765625 0.0328125 0.090625
2 0.484375 0.70625 0.0390625 0.1171875
2 0.01796875 0.44453125 0.0328125 0.090625
2 0.16796875 0.15546875 0.0359375 0.046875
2 0.88984375 0.71796875 0.053125 0.078125
2 0.68125 0.5734375 0.034375 0.090625
2 0.02109375 0.884375 0.0421875 0.121875
2 0.95 0.7171875 0.06015625 0.08125
2 0.80234375 0.8671875 0.0453125 0.125
2 0.52109375 0.33359375 0.040625 0.05625
2 0.7625 0.578125 0.03125 0.0859375
2 0.60625 0.33515625 0.040625 0.0578125
2 0.60390625 0.2484375 0.04375 0.0546875
2 0.68359375 0.8484375 0.04375 0.1203125
2 0.140625 0.33046875 0.0421875 0.046875
2 0.0984375 0.14921875 0.0359375 0.0484375
2 0.07109375 0.8890625 0.046875 0.10625
2 0.13203125 0.1515625 0.034375 0.0484375
2 0.98359375 0.340625 0.0296875 0.0625
2 0.78515625 0.57734375 0.0296875 0.090625
2 0.61640625 0.56953125 0.0375 0.096875
2 0.42734375 0.33125 0.0453125 0.059375
2 0.74765625 0.8625 0.05 0.125
2 0.5640625 0.33359375 0.04375 0.05625
2 0.72109375 0.8515625 0.0453125 0.1203125
2 0.640625 0.1625 0.0296875 0.059375
2 0.90703125 0.87265625 0.0390625 0.1078125
2 0.5578125 0.7046875 0.0390625 0.11875
2 0.6234375 0.853125 0.04375 0.121875
2 0.69453125 0.165625 0.025 0.0546875
2 0.72421875 0.16640625 0.025 0.0546875
2 0.103125 0.32890625 0.0390625 0.0515625
2 0.8390625 0.86640625 0.0515625 0.125
2 0.57578125 0.87265625 0.04375 0.1296875
2 0.0375 0.70703125 0.0546875 0.1265625
2 0.74765625 0.16640625 0.0265625 0.05625
2 0.6640625 0.1625 0.0296875 0.059375
2 0.47890625 0.33359375 0.0390625 0.0546875
2 0.02890625 0.32734375 0.0390625 0.05390625
2 0.6875 0.69921875 0.0484375 0.1140625
2 0.3796875 0.87734375 0.04375 0.1296875
2 0.12578125 0.5703125 0.0484375 0.1140625
2 0.953125 0.33671875 0.0375 0.06875
2 0.85 0.33046875 0.0296875 0.075
2 0.70625 0.57109375 0.04375 0.1015625
2 0.29296875 0.71015625 0.0421875 0.1140625
2 0.83828125 0.5734375 0.0421875 0.0984375
2 0.65234375 0.69921875 0.04375 0.115625
2 0.79921875 0.70625 0.05 0.109375
2 0.66796875 0.85 0.0453125 0.1234375
2 0.52265625 0.70625 0.04375 0.11875
2 0.56015625 0.2453125 0.0453125 0.059375
2 0.228125 0.5671875 0.0453125 0.109375
2 0.07421875 0.71953125 0.0484375 0.1015625
2 0.87421875 0.87734375 0.0453125 0.1078125
2 0.91953125 0.3328125 0.03125 0.0734375
2 0.378125 0.70625 0.0421875 0.1203125
2 0.80859375 0.57578125 0.0359375 0.096875
2 0.08046875 0.5703125 0.0515625 0.1140625
2 0.6 0.703125 0.0484375 0.11875
2 0.11953125 0.71796875 0.0484375 0.09375
2 0.87109375 0.33046875 0.03125 0.0734375
2 0.74140625 0.70078125 0.0515625 0.11875
2 0.41953125 0.875 0.046875 0.1328125
2 0.64375 0.56953125 0.04375 0.103125
2 0.3859375 0.57109375 0.04375 0.10625
2 0.17109375 0.8859375 0.040625 0.1078125
2 0.896875 0.33203125 0.03125 0.0734375
2 0.5390625 0.87421875 0.04375 0.1296875
2 0.34921875 0.56953125 0.0453125 0.1078125
2 0.265625 0.57109375 0.04375 0.109375
2 0.41328125 0.70390625 0.0421875 0.121875
2 0.340625 0.8796875 0.046875 0.125
2 0.828125 0.33046875 0.03125 0.0703125
2 0.56015625 0.159375 0.0375 0.0609375
2 0.459375 0.87265625 0.0484375 0.1296875
2 0.3078125 0.56953125 0.0453125 0.109375
2 0.6 0.159375 0.0359375 0.059375
2 0.5 0.875 0.0453125 0.128125
2 0.4 0.44140625 0.046875 0.0984375
2 0.28046875 0.43984375 0.04375 0.1046875
2 0.42265625 0.571875 0.04375 0.1046875
2 0.20390625 0.709375 0.0484375 0.1140625
2 0.21171875 0.88203125 0.0453125 0.1203125
2 0.478125 0.4390625 0.0421875 0.10625
2 0.10703125 0.4359375 0.04375 0.1046875
2 0.44296875 0.43984375 0.040625 0.103125
2 0.11484375 0.89296875 0.0484375 0.1046875
2 0.4578125 0.57421875 0.0421875 0.096875
2 0.31484375 0.440625 0.0421875 0.103125
2 0.92109375 0.45625 0.0453125 0.0796875
2 0.88046875 0.45546875 0.04375 0.08125
2 0.83671875 0.46015625 0.040625 0.06875
2 0.84296875 0.70703125 0.0484375 0.109375
2 0.79921875 0.32890625 0.03125 0.0734375
2 0.33984375 0.70703125 0.046875 0.1234375
2 0.25546875 0.709375 0.0484375 0.115625
2 0.296875 0.8828125 0.05 0.1234375
2 0.96328125 0.4625 0.0359375 0.065625
2 0.503125 0.57734375 0.0453125 0.0875
2 0.17265625 0.57109375 0.0578125 0.109375
2 0.56640625 0.57578125 0.0453125 0.0875
2 0.03515625 0.56640625 0.0578125 0.1203125
2 0.946875 0.875 0.0484375 0.103125
2 0.0484375 0.44453125 0.0515625 0.0875
2 0.7984375 0.46015625 0.0390625 0.0734375
2 0.25390625 0.884375 0.053125 0.125
2 0.16015625 0.71171875 0.05 0.1140625
2 0.24140625 0.440625 0.046875 0.1046875
2 0.65546875 0.453125 0.0359375 0.08125
2 0.69140625 0.453125 0.0390625 0.08125
2 0.15078125 0.43828125 0.04375 0.103125
2 0.35390625 0.44140625 0.046875 0.1015625
2 0.74375 0.453125 0.04375 0.084375
2 0.5484375 0.4484375 0.05 0.0921875
2 0.19140625 0.4390625 0.0484375 0.103125
2 0.6078125 0.44921875 0.05 0.0875
2 0.209375 0.15625 0.03828125 0.046875
2 0.25078125 0.15703125 0.03828125 0.04296875
2 0.2890625 0.1578125 0.0375 0.0421875
2 0.33046875 0.16015625 0.0421875 0.03828125
2 0.371875 0.16015625 0.04375 0.03984375
2 0.41015625 0.165625 0.0296875 0.034375
2 0.4375 0.16796875 0.03046875 0.03046875
2 0.465625 0.16796875 0.028125 0.0296875
2 0.5140625 0.1578125 0.04609375 0.05546875
2 0.73984375 0.2515625 0.0296875 0.05546875
2 0.6984375 0.25234375 0.03046875 0.053125
2 0.6703125 0.25078125 0.02578125 0.05390625
2 0.6421875 0.25 0.03203125 0.053125
2 0.50546875 0.25703125 0.028125 0.0375
2 0.47109375 0.25546875 0.02890625 0.03671875
2 0.4375 0.25703125 0.028125 0.0296875
2 0.41015625 0.25703125 0.028125 0.03125
2 0.37578125 0.2484375 0.0390625 0.03828125
2 0.33359375 0.2484375 0.04140625 0.0390625
2 0.29296875 0.24453125 0.03984375 0.05
2 0.25390625 0.2421875 0.03671875 0.04765625
2 0.2171875 0.24140625 0.03671875 0.0484375
2 0.17890625 0.24140625 0.03984375 0.04765625
2 0.14453125 0.24375 0.02890625 0.03828125
2 0.1125 0.24296875 0.0328125 0.03984375
2 0.175 0.33046875 0.03515625 0.0484375
2 0.22109375 0.3359375 0.03359375 0.04375
2 0.259375 0.3328125 0.03828125 0.05
2 0.29921875 0.33359375 0.04296875 0.04921875
2 0.3421875 0.33828125 0.034375 0.04140625
2 0.38515625 0.33671875 0.0453125 0.04140625
2 0.64453125 0.33359375 0.03046875 0.06015625
2 0.6765625 0.33359375 0.0328125 0.05625
2 0.715625 0.334375 0.0359375 0.05546875
2 0.7546875 0.33359375 0.034375 0.053125
2 0.8796875 0.58828125 0.05078125 0.07578125
2 0.92734375 0.5890625 0.0515625 0.07578125
2 0.97578125 0.59140625 0.0484375 0.07890625