2 0.075 0.1625 0.046875 0.0640625
2 0.025 0.16015625 0.0453125 0.0609375
2 0.015625 0.428125 0.03125 0.071875
2 0.1046875 0.434375 0.0484375 0.0734375
2 0.0578125 0.69765625 0.0703125 0.10625
2 0.02421875 0.565625 0.0484375 0.125
2 0.115625 0.56875 0.05 0.1125
2 0.1671875 0.17109375 0.0375 0.065625
2 0.1640625 0.5703125 0.046875 0.1140625
2 0.128125 0.85390625 0.0890625 0.1390625
2 0.1203125 0.16796875 0.0359375 0.065625
2 0.0703125 0.56484375 0.0515625 0.125
2 0.05390625 0.43203125 0.0515625 0.0734375
2 0.13125 0.69765625 0.06875 0.1140625
2 0.159375 0.4375 0.0484375 0.071875
2 0.046875 0.86171875 0.09296875 0.14765625