2 0.48984375 0.128125 0.0546875 0.0796875
2 0.01953125 0.65234375 0.0390625 0.1234375
2 0.3078125 0.12890625 0.071875 0.0921875
2 0.434375 0.13125 0.05625 0.0828125
2 0.36484375 0.12578125 0.0828125 0.096875
2 0.45390625 0.83515625 0.10625 0.1671875
2 0.64296875 0.48515625 0.0515625 0.1421875
2 0.7609375 0.30703125 0.059375 0.15625
2 0.609375 0.6578125 0.0484375 0.1265625
2 0.55078125 0.315625 0.0546875 0.1515625
2 0.0625 0.8359375 0.096875 0.1234375
2 0.56640625 0.6546875 0.05 0.1296875
2 0.746875 0.6578125 0.046875 0.1359375
2 0.51796875 0.65390625 0.0515625 0.1296875
2 0.04921875 0.65078125 0.046875 0.12265625
2 0.31484375 0.325 0.0578125 0.146875
2 0.36015625 0.3234375 0.059375 0.1453125
2 0.44609375 0.65546875 0.053125 0.125
2 0.69609375 0.8578125 0.0578125 0.1640625
2 0.60703125 0.4890625 0.053125 0.14375
2 0.65390625 0.6578125 0.05 0.1296875
2 0.25703125 0.834375 0.1 0.1578125
2 0.37109375 0.490625 0.0546875 0.140625
2 0.3515625 0.65625 0.0546875 0.1265625
2 0.7 0.6578125 0.0484375 0.13125
2 0.3546875 0.83046875 0.1 0.165625
2 0.30703125 0.653125 0.05 0.1265625
2 0.24375 0.49375 0.0546875 0.1390625
2 0.2234375 0.6515625 0.053125 0.125
2 0.7046875 0.1125 0.046875 0.08125
2 0.5046875 0.32109375 0.0578125 0.14375
2 0.80234375 0.30390625 0.0625 0.1609375
2 0.40625 0.321875 0.0578125 0.14375
2 0.68359375 0.48828125 0.05625 0.146875
2 0.14609375 0.64765625 0.0546875 0.1203125
2 0.1625 0.8296875 0.09375 0.153125
2 0.646875 0.3125 0.059375 0.15625
2 0.26875 0.32421875 0.059375 0.1484375
2 0.84140625 0.6625 0.0546875 0.14375
2 0.28671875 0.49296875 0.0546875 0.1390625
2 0.2625 0.65390625 0.053125 0.1265625
2 0.46328125 0.490625 0.0578125 0.1421875
2 0.0890625 0.65234375 0.0609375 0.1265625
2 0.4578125 0.3234375 0.0578125 0.1421875
2 0.4171875 0.49140625 0.059375 0.140625
2 0.80625 0.4875 0.0546875 0.146875
2 0.3984375 0.66015625 0.059375 0.1203125
2 0.33515625 0.4875 0.0546875 0.1359375
2 0.85546875 0.4859375 0.059375 0.146875
2 0.75078125 0.85078125 0.0609375 0.171875
2 0.1859375 0.6515625 0.053125 0.125
2 0.79375 0.659375 0.0546875 0.1359375
2 0.20234375 0.49375 0.05625 0.1390625
2 0.81796875 0.85390625 0.065625 0.1703125
2 0.55390625 0.8625 0.078125 0.15
2 0.55859375 0.48984375 0.05625 0.1421875
2 0.5109375 0.49140625 0.0546875 0.1421875
2 0.7 0.309375 0.0703125 0.159375
2 0.76484375 0.10859375 0.05 0.0859375
2 0.14375 0.49375 0.065625 0.1390625
2 0.65546875 0.11875 0.0453125 0.078125
2 0.59765625 0.31484375 0.0625 0.153125
2 0.75546875 0.4875 0.0578125 0.1453125
2 0.63046875 0.8734375 0.078125 0.153125
2 0.8578125 0.3015625 0.0671875 0.1625
2 0.82265625 0.10625 0.0578125 0.0828125
2 0.88828125 0.1 0.075 0.090625
2 0.2 0.146875 0.0921875 0.075
2 0.05859375 0.1421875 0.0734375 0.0921875
2 0.59765625 0.11796875 0.06015625 0.08828125
2 0.53984375 0.11953125 0.05390625 0.0859375
2 0.12421875 0.13984375 0.0609375 0.10546875