5 0.2546875 0.29765625 0.440625 0.5046875
5 0.85 0.31171875 0.3 0.4578125
5 0.03828125 0.58671875 0.0765625 0.0734375
5 0.41171875 0.615625 0.0734375 0.10625
5 0.38515625 0.63984375 0.0859375 0.0890625
5 0.340625 0.67421875 0.078125 0.0859375
5 0.30703125 0.6875 0.1015625 0.10625
5 0.103125 0.7578125 0.109375 0.10625
5 0.4609375 0.8421875 0.0375 0.10625
5 0.39296875 0.86875 0.1046875 0.125
5 0.12265625 0.94140625 0.1390625 0.0828125
5 0.034375 0.965625 0.06875 0.06875
5 0.79453125 0.775 0.4015625 0.45