5 0.22421875 0.175 0.4484375 0.35
5 0.74453125 0.16328125 0.5109375 0.3265625
5 0.24453125 0.725 0.4890625 0.453125
5 0.51015625 0.38671875 0.0421875 0.0734375
5 0.86171875 0.41015625 0.0796875 0.1109375
5 0.83515625 0.43515625 0.0921875 0.0953125
5 0.78984375 0.46953125 0.0859375 0.0921875
5 0.75703125 0.4828125 0.1078125 0.1125
5 0.55234375 0.55234375 0.1140625 0.1109375
5 0.94375 0.6375 0.1125 0.115625
5 0.84296875 0.6640625 0.1078125 0.128125
5 0.57265625 0.73671875 0.1453125 0.0953125
5 0.50546875 0.78203125 0.0328125 0.1140625
5 0.56015625 0.88359375 0.1421875 0.1109375
5 0.91328125 0.91796875 0.1734375 0.1640625