5 0.06796875 0.165625 0.1296875 0.1125
5 0.46328125 0.20859375 0.0796875 0.1109375
5 0.84140625 0.2234375 0.0890625 0.1
5 0.43671875 0.23359375 0.0921875 0.0953125
5 0.80234375 0.26015625 0.0796875 0.1078125
5 0.39140625 0.26796875 0.0859375 0.0921875
5 0.35859375 0.28125 0.1078125 0.1125
5 0.15390625 0.35078125 0.1140625 0.1109375
5 0.796875 0.4125 0.10625 0.09375
5 0.546875 0.4359375 0.115625 0.115625
5 0.44453125 0.4625 0.1078125 0.128125
5 0.17890625 0.05 0.0796875 0.065625
5 0.5953125 0.05 0.08125 0.078125
5 0.17421875 0.53515625 0.1453125 0.0953125
5 0.07265625 0.58046875 0.1015625 0.1140625
5 0.70859375 0.6609375 0.1359375 0.1
5 0.1515625 0.68203125 0.1625 0.1109375
5 0.88828125 0.0703125 0.0734375 0.090625
5 0.515625 0.728125 0.175 0.1875
5 0.7078125 0.7375 0.15625 0.14375
5 0.51640625 0.078125 0.1015625 0.090625
5 0.09140625 0.88984375 0.1390625 0.1921875
5 0.8796875 0.09921875 0.1 0.0984375