5 0.26484375 0.21953125 0.5296875 0.4390625
5 0.93125 0.13203125 0.1375 0.2640625
5 0.6828125 0.0921875 0.203125 0.184375
5 0.58046875 0.13515625 0.1015625 0.2703125
5 0.753125 0.18359375 0.390625 0.3015625
5 0.846875 0.31796875 0.30625 0.2421875
5 0.12265625 0.71953125 0.1609375 0.5609375
5 0.26953125 0.746875 0.1828125 0.50625
5 0.43828125 0.71953125 0.1828125 0.5609375
5 0.8546875 0.76171875 0.290625 0.4234375
5 0.590625 0.7546875 0.121875 0.21875
5 0.675 0.64765625 0.290625 0.3234375
5 0.76953125 0.55 0.4609375 0.221875