5 0.615625 0.14140625 0.2125 0.2828125
5 0.7421875 0.08515625 0.375 0.1703125
5 0.30234375 0.440625 0.0734375 0.10625
5 0.27578125 0.46484375 0.0859375 0.0890625
5 0.23125 0.49921875 0.078125 0.0859375
5 0.19765625 0.5125 0.1015625 0.10625
5 0.02421875 0.5828125 0.0484375 0.10625
5 0.3859375 0.6671875 0.10625 0.10625
5 0.28359375 0.69375 0.1046875 0.125
5 0.04140625 0.76640625 0.0828125 0.0828125
5 0.4953125 0.8921875 0.028125 0.096875
5 0.034375 0.91328125 0.06875 0.1015625
5 0.35546875 0.9359375 0.1609375 0.128125
5 0.74609375 0.74765625 0.4734375 0.5046875