5 0.253125 0.05 0.50625 0.1
5 0.81953125 0.234375 0.3609375 0.46875
5 0.021875 0.5609375 0.04375 0.109375
5 0.37734375 0.60390625 0.0765625 0.1078125
5 0.35078125 0.6296875 0.0953125 0.096875
5 0.30625 0.66328125 0.078125 0.0859375
5 0.27265625 0.6765625 0.1015625 0.10625
5 0.06875 0.746875 0.1125 0.109375
5 0.46015625 0.83046875 0.1171875 0.1171875
5 0.35859375 0.8578125 0.1109375 0.128125
5 0.509375 0.4765625 0.084375 0.015625
5 0.08828125 0.93046875 0.1453125 0.0953125
5 0.01953125 0.95859375 0.0390625 0.0828125
5 0.43046875 0.49375 0.1015625 0.05
5 0.81953125 0.734375 0.3609375 0.53125