5 0.08046875 0.04453125 0.0734375 0.0890625
5 0.45859375 0.05 0.0828125 0.09375
5 0.05390625 0.06015625 0.0859375 0.0890625
5 0.41953125 0.08671875 0.0734375 0.1015625
5 0.02421875 0.09453125 0.0484375 0.0859375
5 0.01328125 0.1078125 0.0265625 0.10625
5 0.4140625 0.2390625 0.10625 0.09375
5 0.1640625 0.2625 0.10625 0.10625
5 0.06171875 0.2890625 0.1046875 0.125
5 0.32578125 0.4875 0.1328125 0.096875
5 0.13359375 0.5546875 0.1609375 0.175
5 0.325 0.5640625 0.15 0.140625
5 0.7703125 0.17421875 0.3625 0.3484375
5 0.29453125 0.8546875 0.5890625 0.290625