6 0.4265625 0.315625 0.2359375 0.315625 0.2359375 0.546875 0.4265625 0.546875 0.4265625 0.315625
6 0.51875 0.134375 0.440625 0.134375 0.440625 0.240625 0.51875 0.240625 0.51875 0.134375
6 0.28125 0.103125 0.18125 0.103125 0.18125 0.2234375 0.28125 0.2234375 0.28125 0.103125
6 0.38125 0.0703125 0.334375 0.0703125 0.334375 0.153125 0.38125 0.153125 0.38125 0.0703125
6 0.34375 0.0671875 0.2921875 0.0671875 0.2921875 0.1453125 0.34375 0.1453125 0.34375 0.0671875
6 0.296875 0.0734375 0.228125 0.0734375 0.228125 0.1515625 0.296875 0.1515625 0.296875 0.0734375
6 0.73125 0.090625 0.7 0.090625 0.7 0.18125 0.73125 0.18125 0.73125 0.090625
6 0.75 0.23125 0.646875 0.23125 0.646875 0.3984375 0.75 0.3984375 0.75 0.23125
6 0.728125 0.43125 0.5453125 0.43125 0.5453125 0.6359375 0.728125 0.6359375 0.728125 0.43125
6 0.7140625 0.3625 0.521875 0.3625 0.521875 0.55 0.7140625 0.55 0.7140625 0.3625
6 0.7546875 0.165625 0.7046875 0.165625 0.7046875 0.275 0.7546875 0.275 0.7546875 0.165625
6 0.86875 0.2078125 0.759375 0.2078125 0.759375 0.3828125 0.86875 0.3828125 0.86875 0.2078125
6 0.8828125 0.1390625 0.7953125 0.1390625 0.7953125 0.2265625 0.8828125 0.2265625 0.8828125 0.1390625
6 0.871875 0.1546875 0.80625 0.1546875 0.80625 0.2328125 0.871875 0.2328125 0.871875 0.1546875
6 0.9828125 0.1953125 0.9046875 0.1953125 0.9046875 0.325 0.9828125 0.325 0.9828125 0.1953125
6 0.928125 0.1390625 0.8984375 0.1390625 0.8984375 0.23125 0.928125 0.23125 0.928125 0.1390625