6 0.29555555624999996 0.2687813015625 0.0333333328125 0.2687813015625 0.0333333328125 0.7028380640624999 0.29555555624999996 0.7028380640624999 0.29555555624999996 0.2687813015625
6 0.9828070171875 0.302170284375 0.7572514625 0.302170284375 0.7572514625 0.6527545906250001 0.9828070171875 0.6527545906250001 0.9828070171875 0.302170284375
6 0.775029240625 0.20701168593750002 0.665029240625 0.20701168593750002 0.665029240625 0.3439065109375 0.775029240625 0.3439065109375 0.775029240625 0.20701168593750002
6 0.29614035156249996 0.427378965625 0.165029240625 0.427378965625 0.165029240625 0.6510851421875 0.29614035156249996 0.6510851421875 0.29614035156249996 0.427378965625
6 0.3633333328125 0.136894825 0.2711111109375 0.136894825 0.2711111109375 0.26043405625 0.3633333328125 0.26043405625 0.3633333328125 0.136894825
6 0.18777777812500002 0.11018363906249999 0.07555555625 0.11018363906249999 0.07555555625 0.2287145234375 0.18777777812500002 0.2287145234375 0.18777777812500002 0.11018363906249999
6 0.64 0.1285475796875 0.49000000000000005 0.1285475796875 0.49000000000000005 0.277128546875 0.64 0.277128546875 0.64 0.1285475796875
6 0.9633333328125 0.20868113593749998 0.8388888890624999 0.20868113593749998 0.8388888890624999 0.3388981640625 0.9633333328125 0.3388981640625 0.9633333328125 0.20868113593749998
6 0.6688888890625 0.227045075 0.6133333328125 0.227045075 0.6133333328125 0.4290484140625 0.6688888890625 0.4290484140625 0.6688888890625 0.227045075
6 0.54555555625 0.175292153125 0.3866666671875 0.175292153125 0.3866666671875 0.335559265625 0.54555555625 0.335559265625 0.54555555625 0.175292153125
6 0.8522222218750001 0.17028380625 0.7855555562500001 0.17028380625 0.7855555562500001 0.3422370625 0.8522222218750001 0.3422370625 0.8522222218750001 0.17028380625
6 0.64609375 0.25234375 0.125 0.1140625