6 0.2146924828125 0.45957011249999996 0.1275626421875 0.45957011249999996 0.1275626421875 0.5465711359375 0.2146924828125 0.5465711359375 0.2146924828125 0.45957011249999996
6 0.10876993125000001 0.5035823953125 0.015375854687500001 0.5035823953125 0.015375854687500001 0.586489253125 0.10876993125000001 0.586489253125 0.10876993125000001 0.5035823953125
6 0.50968109375 0.4698055265625 0.43166287031249995 0.4698055265625 0.43166287031249995 0.559877175 0.50968109375 0.559877175 0.50968109375 0.4698055265625
6 0.5535307515625 0.5261003078125001 0.47722095624999994 0.5261003078125001 0.47722095624999994 0.5772773796874999 0.5535307515625 0.5772773796874999 0.5535307515625 0.5261003078125001
6 0.3559225515625 0.50972364375 0.2408883828125 0.50972364375 0.2408883828125 0.62947799375 0.3559225515625 0.62947799375 0.3559225515625 0.50972364375
6 0.9544419140624999 0.536335721875 0.8798405468749999 0.536335721875 0.8798405468749999 0.6571136125 0.9544419140624999 0.6571136125 0.9544419140624999 0.536335721875
6 0.36845102500000004 0.5997952921875 0.2494305234375 0.5997952921875 0.2494305234375 0.9825997953125001 0.36845102500000004 0.9825997953125001 0.36845102500000004 0.5997952921875
6 0.30182232343750004 0.597748209375 0.146355353125 0.597748209375 0.146355353125 0.9170931421875 0.30182232343750004 0.9170931421875 0.30182232343750004 0.597748209375
6 0.78671875 0.5828125 0.07734375 0.04375
6 0.40234375 0.52109375 0.04921875 0.04296875
6 0.17265625 0.734375 0.2046875 0.28359375
6 0.84609375 0.8734375 0.209375 0.1984375
6 0.6609375 0.5015625 0.0515625 0.071875
6 0.69765625 0.5703125 0.06328125 0.0296875
6 0.69921875 0.5390625 0.05859375 0.04296875