6 0.11875 0.88359375 0.20625 0.2328125
6 0.32109375 0.7984375 0.1703125 0.1828125
6 0.55859375 0.7234375 0.08046875 0.09453125
6 0.184375 0.56875 0.0484375 0.04453125
6 0.7578125 0.53203125 0.0421875 0.0390625
6 0.77421875 0.646875 0.11171875 0.09140625
6 0.85703125 0.659375 0.05234375 0.1546875
6 0.67734375 0.759375 0.1609375 0.21640625
6 0.4796875 0.809375 0.16796875 0.221875
6 0.9359375 0.7984375 0.128125 0.2015625
6 0.61171875 0.54765625 0.03515625 0.1078125
6 0.6578125 0.51953125 0.05546875 0.08046875
6 0.690625 0.5046875 0.04609375 0.08359375
6 0.4484375 0.490625 0.040625 0.06171875
6 0.47578125 0.48125 0.034375 0.06171875
6 0.52578125 0.465625 0.03671875 0.0421875
6 0.309375 0.5296875 0.05546875 0.053125
6 0.07265625 0.603125 0.0421875 0.1046875
6 0.09375 0.46484375 0.02109375 0.0578125
6 0.3140625 0.44140625 0.03125 0.04140625
6 0.91875 0.61640625 0.0875 0.1453125
6 0.2625 0.4828125 0.053125 0.05234375
6 0.19375 0.45078125 0.01875 0.04609375
6 0.34453125 0.42421875 0.01171875 0.03828125