6 0.571875 0.35 0.05625 0.35 0.05625 0.928125 0.571875 0.928125 0.571875 0.35
6 0.8859375 0.296875 0.8421875 0.296875 0.8421875 0.33125 0.8859375 0.33125 0.8859375 0.296875
6 0.7265625 0.3046875 0.6625 0.3046875 0.6625 0.3296875 0.7265625 0.3296875 0.7265625 0.3046875
6 0.4765625 0.30625 0.4328125 0.30625 0.4328125 0.3265625 0.4765625 0.3265625 0.4765625 0.30625
6 0.2828125 0.3078125 0.228125 0.3078125 0.228125 0.3296875 0.2828125 0.3296875 0.2828125 0.3078125
6 0.071875 0.29375 0.0359375 0.29375 0.0359375 0.3125 0.071875 0.3125 0.071875 0.29375
6 0.1546875 0.315625 0.0859375 0.315625 0.0859375 0.3390625 0.1546875 0.3390625 0.1546875 0.315625
6 0.3796875 0.278125 0.334375 0.278125 0.334375 0.3109375 0.3796875 0.3109375 0.3796875 0.278125
6 0.440625 0.278125 0.4015625 0.278125 0.4015625 0.3109375 0.440625 0.3109375 0.440625 0.278125
6 0.5109375 0.278125 0.4671875 0.278125 0.4671875 0.3140625 0.5109375 0.3140625 0.5109375 0.278125
6 0.575 0.2765625 0.5484375 0.2765625 0.5484375 0.3171875 0.575 0.3171875 0.575 0.2765625
6 0.2109375 0.2734375 0.1703125 0.2734375 0.1703125 0.3109375 0.2109375 0.3109375 0.2109375 0.2734375
6 0.640625 0.278125 0.6015625 0.278125 0.6015625 0.353125 0.640625 0.353125 0.640625 0.278125