6 0.23500000000000001 0.3958020984375 0.149 0.3958020984375 0.149 0.5697151421875 0.23500000000000001 0.5697151421875 0.23500000000000001 0.3958020984375
6 0.180588234375 0.4587706140625 0.085588234375 0.4587706140625 0.085588234375 0.5292353828125 0.180588234375 0.5292353828125 0.180588234375 0.4587706140625
6 0.41600000000000004 0.5037481265625 0.28700000000000003 0.5037481265625 0.28700000000000003 0.5967016484375 0.41600000000000004 0.5967016484375 0.41600000000000004 0.5037481265625
6 0.5740000000000001 0.439280359375 0.417 0.439280359375 0.417 0.760119940625 0.5740000000000001 0.760119940625 0.5740000000000001 0.439280359375
6 0.714 0.4467766109375 0.609 0.4467766109375 0.609 0.763118440625 0.714 0.763118440625 0.714 0.4467766109375
6 0.96 0.5952023984375 0.8130000000000001 0.5952023984375 0.8130000000000001 0.839580209375 0.96 0.839580209375 0.96 0.5952023984375
6 0.986 0.43028485781250003 0.7929999999999999 0.43028485781250003 0.7929999999999999 0.6551724140624999 0.986 0.6551724140624999 0.986 0.43028485781250003
6 0.8150000000000001 0.42428785625 0.717 0.42428785625 0.717 0.48575712187500003 0.8150000000000001 0.48575712187500003 0.8150000000000001 0.42428785625
6 0.716588234375 0.4062968515625 0.626588234375 0.4062968515625 0.626588234375 0.45427286406249995 0.716588234375 0.45427286406249995 0.716588234375 0.4062968515625
6 0.743 0.3688155921875 0.67 0.3688155921875 0.67 0.410794603125 0.743 0.410794603125 0.743 0.3688155921875
6 0.7889999999999999 0.3313343328125 0.735 0.3313343328125 0.735 0.415292353125 0.7889999999999999 0.415292353125 0.7889999999999999 0.3313343328125
6 0.571 0.33283358281250003 0.499 0.33283358281250003 0.499 0.43028485781250003 0.571 0.43028485781250003 0.571 0.33283358281250003
6 0.977588234375 0.3718140921875 0.8355882343750001 0.3718140921875 0.8355882343750001 0.4692653671875 0.977588234375 0.4692653671875 0.977588234375 0.3718140921875
6 0.85 0.32383808125 0.8119999999999999 0.32383808125 0.8119999999999999 0.43028485781250003 0.85 0.43028485781250003 0.85 0.32383808125