6 0.37578125 0.6328125 0.07890625 0.06328125
6 0.60625 0.62265625 0.078125 0.06171875
6 0.7453125 0.58671875 0.05390625 0.0578125
6 0.31171875 0.55703125 0.0484375 0.053125
6 0.271875 0.55625 0.03515625 0.053125
6 0.66796875 0.559375 0.040625 0.04765625
6 0.6921875 0.540625 0.01953125 0.0484375
6 0.771875 0.52734375 0.028125 0.03828125
6 0.83984375 0.5375 0.03125 0.03203125
6 0.8515625 0.57890625 0.04296875 0.05078125
6 0.41796875 0.534375 0.04609375 0.04140625
6 0.52421875 0.5515625 0.04765625 0.04375
6 0.575 0.5484375 0.02734375 0.0453125
6 0.56640625 0.596875 0.05546875 0.05625