3 0.42734375 0.45078125 0.03359375 0.03359375
3 0.6828125 0.45859375 0.04921875 0.05546875
3 0.45390625 0.465625 0.02890625 0.0484375
3 0.36796875 0.47109375 0.03359375 0.0453125
3 0.309375 0.48203125 0.0375 0.0609375
3 0.42734375 0.48515625 0.03359375 0.03984375
3 0.39921875 0.50859375 0.0359375 0.053125
3 0.4859375 0.52421875 0.0265625 0.05625
3 0.25625 0.5265625 0.0421875 0.05625
3 0.50625 0.5484375 0.0375 0.0515625
3 0.49921875 0.63828125 0.03203125 0.0625
3 0.70546875 0.696875 0.05078125 0.08203125