3 0.33515625 0.49296875 0.0796875 0.23359375
3 0.46015625 0.50234375 0.11015625 0.2234375
3 0.68984375 0.5640625 0.0703125 0.2046875
3 0.6078125 0.6265625 0.08984375 0.11875
3 0.4984375 0.62890625 0.1078125 0.1234375
3 0.2234375 0.65703125 0.12265625 0.17109375
3 0.57734375 0.7359375 0.08515625 0.14765625
3 0.4171875 0.74765625 0.0546875 0.22890625
3 0.46015625 0.29765625 0.0796875 0.13828125
3 0.0828125 0.359375 0.0953125 0.11875
3 0.21015625 0.409375 0.06484375 0.22890625
3 0.60625 0.459375 0.0578125 0.12890625
3 0.5484375 0.46875 0.0921875 0.15703125