3 0.56171875 0.3640625 0.05390625 0.04375
3 0.68046875 0.453125 0.034375 0.071875
3 0.61328125 0.490625 0.06015625 0.090625
3 0.584375 0.5015625 0.05859375 0.09375
3 0.440625 0.52890625 0.0296875 0.0859375
3 0.509375 0.53671875 0.04453125 0.0953125
3 0.38125 0.540625 0.03203125 0.078125
3 0.1875 0.5421875 0.07578125 0.084375
3 0.05546875 0.5484375 0.05 0.096875
3 0.1421875 0.5578125 0.06953125 0.06875
3 0.3125 0.56484375 0.03984375 0.0984375
3 0.4203125 0.56640625 0.0515625 0.0859375
3 0.59453125 0.5796875 0.0796875 0.084375
3 0.25546875 0.64375 0.09765625 0.115625