3 0.10546875 0.275 0.15234375 0.20078125
3 0.37265625 0.29140625 0.128125 0.24609375
3 0.2125 0.296875 0.1046875 0.22109375
3 0.44375 0.3 0.0984375 0.25078125
3 0.5546875 0.3203125 0.0875 0.18359375
3 0.70234375 0.32265625 0.07421875 0.22890625
3 0.83515625 0.36328125 0.15625 0.234375
3 0.2703125 0.44296875 0.21015625 0.328125
3 0.87265625 0.45546875 0.1203125 0.215625
3 0.74140625 0.4609375 0.096875 0.29140625
3 0.51640625 0.46875 0.16328125 0.2421875
3 0.36953125 0.4734375 0.1828125 0.22890625
3 0.5765625 0.690625 0.2078125 0.19375