7 0.2109375 0.18125 0.2359375 0.25625
7 0.115625 0.2234375 0.1671875 0.14375
7 0.434375 0.215625 0.0953125 0.1484375
7 0.5609375 0.203125 0.115625 0.1546875
7 0.6953125 0.1453125 0.0546875 0.175
7 0.8 0.09375 0.1234375 0.1625
7 0.91875 0.16875 0.1546875 0.125
7 0.2765625 0.6171875 0.1078125 0.090625
7 0.1453125 0.4703125 0.1453125 0.1046875
7 0.165625 0.5609375 0.1921875 0.178125
7 0.3578125 0.465625 0.04375 0.140625
7 0.4609375 0.4953125 0.1 0.2140625
7 0.5421875 0.5390625 0.1328125 0.1828125
7 0.778125 0.421875 0.15625 0.1734375
7 0.9109375 0.5015625 0.1671875 0.140625
7 0.8484375 0.5734375 0.265625 0.1828125
7 0.14375 0.7484375 0.13125 0.1203125
7 0.0828125 0.840625 0.1484375 0.228125
7 0.490625 0.7875 0.1328125 0.1421875
7 0.4640625 0.8890625 0.1171875 0.1203125
7 0.5578125 0.93125 0.175 0.1171875