7 0.0484375 0.134375 0.0953125 0.125
7 0.09375 0.2390625 0.1 0.096875
7 0.14375 0.171875 0.1265625 0.23125
7 0.2359375 0.2234375 0.178125 0.1625
7 0.54375 0.19375 0.253125 0.14375
7 0.434375 0.2578125 0.0953125 0.0953125
7 0.3625 0.1921875 0.053125 0.209375
7 0.9078125 0.14375 0.1625 0.1875
7 0.9140625 0.275 0.1640625 0.1109375
7 0.2296875 0.5484375 0.1046875 0.11875
7 0.0984375 0.5171875 0.1734375 0.2140625
7 0.375 0.4921875 0.08125 0.171875
7 0.459375 0.4671875 0.1828125 0.2140625
7 0.915625 0.5015625 0.10625 0.1375
7 0.7953125 0.465625 0.1 0.1375
7 0.1921875 0.8421875 0.2734375 0.315625
7 0.28125 0.946875 0.1171875 0.1046875
7 0.115625 0.9625 0.1625 0.0734375
7 0.3640625 0.821875 0.0609375 0.146875
7 0.5828125 0.86875 0.1296875 0.184375
7 0.4609375 0.8515625 0.1796875 0.175