7 0.1359375 0.1109375 0.184375 0.203125
7 0.10625 0.2453125 0.128125 0.165625
7 0.234375 0.290625 0.1328125 0.08125
7 0.2921875 0.103125 0.08125 0.1203125
7 0.3671875 0.171875 0.0640625 0.1046875
7 0.44375 0.1875 0.0953125 0.103125
7 0.528125 0.2234375 0.1125 0.1453125
7 0.8546875 0.2015625 0.2453125 0.2609375
7 0.7609375 0.259375 0.1265625 0.146875
7 0.2703125 0.5375 0.0875 0.14375
7 0.0234375 0.4921875 0.0453125 0.2078125
7 0.153125 0.5015625 0.196875 0.253125
7 0.3671875 0.43125 0.0671875 0.1375
7 0.5671875 0.525 0.06875 0.1296875
7 0.475 0.4625 0.146875 0.1609375
7 0.7578125 0.4765625 0.178125 0.2421875
7 0.9125 0.521875 0.1609375 0.1734375
7 0.1515625 0.83125 0.1421875 0.234375
7 0.2734375 0.925 0.1078125 0.084375
7 0.3578125 0.834375 0.05 0.1640625
7 0.4109375 0.90625 0.0765625 0.0625
7 0.5109375 0.8390625 0.1578125 0.2