7 0.0328125 0.1546875 0.0640625 0.2
7 0.209375 0.15 0.2015625 0.2234375
7 0.4453125 0.2359375 0.0609375 0.0734375
7 0.3953125 0.1515625 0.0984375 0.1890625
7 0.5109375 0.1515625 0.11875 0.2015625
7 0.70625 0.175 0.075 0.2359375
7 0.9046875 0.178125 0.1890625 0.2296875
7 0.9203125 0.5765625 0.14375 0.153125
7 0.790625 0.559375 0.2265625 0.215625
7 0.5671875 0.546875 0.090625 0.125
7 0.5046875 0.471875 0.0734375 0.1796875
7 0.415625 0.4828125 0.134375 0.2109375
7 0.5546875 0.878125 0.1453125 0.1296875
7 0.4546875 0.79375 0.14375 0.2171875
7 0.365625 0.83125 0.0640625 0.1921875
7 0.2609375 0.803125 0.1109375 0.20625
7 0.0765625 0.8640625 0.1328125 0.1875
7 0.03125 0.503125 0.0609375 0.1640625
7 0.14375 0.5296875 0.11875 0.1265625
7 0.25 0.5328125 0.109375 0.1421875