7 0.0640625 0.0921875 0.1 0.1265625
7 0.2265625 0.096875 0.0984375 0.1203125
7 0.4015625 0.08125 0.09375 0.11875
7 0.059375 0.25625 0.096875 0.10625
7 0.2296875 0.2515625 0.090625 0.1109375
7 0.3984375 0.2625 0.1046875 0.109375
7 0.559375 0.09375 0.096875 0.125
7 0.7390625 0.084375 0.065625 0.1
7 0.896875 0.0953125 0.1015625 0.1140625
7 0.9015625 0.2375 0.0875 0.0921875
7 0.725 0.25625 0.0984375 0.11875
7 0.5609375 0.25 0.1 0.1125
7 0.90625 0.3953125 0.0703125 0.0546875
7 0.7296875 0.40625 0.0953125 0.0859375
7 0.56875 0.4140625 0.0828125 0.096875
7 0.890625 0.584375 0.09375 0.11875
7 0.725 0.578125 0.0890625 0.1109375
7 0.559375 0.5828125 0.09375 0.103125
7 0.39375 0.4109375 0.1046875 0.1015625
7 0.228125 0.421875 0.0984375 0.115625
7 0.0578125 0.43125 0.1046875 0.13125
7 0.0671875 0.5921875 0.1078125 0.1234375
7 0.23125 0.5953125 0.084375 0.125
7 0.3953125 0.590625 0.096875 0.1109375
7 0.0546875 0.753125 0.090625 0.1203125
7 0.2265625 0.915625 0.0921875 0.09375
7 0.0609375 0.928125 0.1015625 0.128125
7 0.2375 0.7421875 0.0859375 0.0796875
7 0.3921875 0.7578125 0.1 0.1140625
7 0.575 0.7484375 0.0984375 0.1015625
7 0.728125 0.7484375 0.1046875 0.1078125
7 0.903125 0.7546875 0.0984375 0.090625